0 0.278344425154321 0.47265082465277775 0.02843364197530862 0.03056278935185186
0 0.29756944444444444 0.4731083622685185 0.026215277777777768 0.03541666666666665
0 0.312256462191358 0.47375940393518523 0.022651427469135843 0.03147424768518525
0 0.3295090663580247 0.47395109953703707 0.02950906635802471 0.03594111689814805
0 0.34969135802469137 0.4741753472222222 0.02974054783950623 0.03887080439814816
0 0.3672887731481482 0.47461480034722225 0.022921489197530825 0.03489221643518525
0 0.40793788580246915 0.4704318576388889 0.025250771604938233 0.023209635416666652
0 0.43084490740740744 0.480443431712963 0.03084972993827151 0.036443865740740655
0 0.46146556712962966 0.48517433449074077 0.02452739197530862 0.030519386574074048
0 0.48099681712962966 0.4853913483796296 0.024532214506172895 0.03881293402777786
0 0.49742959104938267 0.49167209201388884 0.02134934413580236 0.03145978009259265
0 0.5121166087962963 0.4923231336805556 0.018475115740740716 0.02801287615740744
0 0.5267047646604938 0.48760669849537036 0.022728587962962916 0.03245081018518514
0 0.5416618441358024 0.49167570891203705 0.020659722222222232 0.030964265046296235
0 0.5601007908950617 0.4904170283564815 0.023418209876543195 0.032946325231481444
0 0.5809727044753087 0.491136791087963 0.029393325617284027 0.03447627314814816
0 0.5995852623456791 0.4920753761574074 0.021580825617284027 0.03438946759259265
0 0.614597800925926 0.4927300347222222 0.022270447530864157 0.03488498263888884
0 0.6302999614197531 0.49388020833333335 0.022193287037037084 0.03390842013888884
0 0.6457151813271605 0.4955150462962963 0.024913194444444436 0.03540219907407405
0 0.6831910686728394 0.5005660445601852 0.03012152777777762 0.035460069444444464
0 0.7053264853395061 0.5008119936342592 0.026789158950617065 0.034447337962963065
0 0.7268108603395061 0.5010507089120371 0.022154706790123473 0.03342013888888884
0 0.7429542824074075 0.5036693431712963 0.022270447530864008 0.03488498263888884
0 0.7781684027777778 0.5047923900462963 0.021465084876543195 0.03292462384259265
0 0.7932581018518517 0.5064236111111111 0.022116126543209862 0.03293185763888884
0 0.8160204475308642 0.5310691550925926 0.025554591049382697 0.018822337962963065
0 0.7982711226851852 0.5328233506944444 0.023066165123456866 0.020258246527777857
0 0.7759428047839506 0.5301359953703704 0.02532310956790103 0.015892650462963065
0 0.7537471064814815 0.5250108506944444 0.025057870370370477 0.020768229166666652
0 0.737133487654321 0.5370225694444444 0.02299382716049377 0.027575231481481666
0 0.6906201774691357 0.5328468605324075 0.022342785493827105 0.02756799768518503
0 0.6640745563271605 0.5220630787037037 0.026972415123456866 0.020301649305555447
0 0.6424213927469136 0.5279206452546297 0.031269290123456805 0.033521412037036846
0 0.6195915316358024 0.5188856336805555 0.02387152777777768 0.022218605324074048
0 0.6043113425925926 0.5189597800925926 0.023562885802469086 0.018312355324074048
0 0.5812403549382715 0.5233380353009259 0.024643132716049305 0.03198423032407405
0 0.5622781635802468 0.5138581452546296 0.020842978395061735 0.01681857638888884
0 0.5452160493827161 0.511961082175926 0.020804398148148124 0.01633029513888884
0 0.5252869405864198 0.5190574363425926 0.024565972222222083 0.031007667824074048
0 0.5078390239197531 0.5122775607638889 0.024980709876543255 0.019791666666666652
0 0.4772376543209876 0.5077907986111111 0.023138503086419664 0.012941261574074048
0 0.45858892746913577 0.5105107060185186 0.023644868827160437 0.027582465277777857
0 0.4398244598765431 0.5117657696759259 0.02575231481481488 0.029557291666666652
0 0.41847511574074076 0.5132360387731482 0.024146412037037084 0.03393012152777786
0 0.39992042824074076 0.5130298755787037 0.020659722222222083 0.030964265046296235
0 0.3845413773148148 0.5077365451388889 0.018894675925926013 0.02509042245370363
0 0.35928578317901233 0.5091634114583333 0.026022376543209862 0.03297526041666665
0 0.34076967592592594 0.5094455295138889 0.021503665123456805 0.03341290509259265
0 0.32376060956790126 0.49998734085648144 0.023259066358024622 0.022699652777777857
0 0.26816888503086417 0.4920518663194444 0.04019097222222223 0.031181278935185297
0 0.25286217206790124 0.5123716001157408 0.03264853395061729 0.03451244212962967
0 0.23897328317901234 0.5341706452546297 0.034182098765432066 0.037456597222222276
0 0.2318817515432099 0.5555573640046296 0.02702064043209873 0.037377025462963065
0 0.31303288966049386 0.5247486255787037 0.02430073302469138 0.03588324652777786
0 0.33032407407407405 0.5254286024305556 0.024146412037037084 0.03393012152777786
0 0.35445119598765434 0.5261845341435185 0.02828414351851845 0.03690321180555545
0 0.36848717206790127 0.5268283420138888 0.02039448302469123 0.03583984374999982
0 0.3824483989197531 0.5306423611111111 0.025144675925925952 0.03833188657407405
0 0.4023630401234568 0.5315954137731481 0.02633101851851845 0.03688151041666665
0 0.4268156828703704 0.5323549623842593 0.02633101851851845 0.03688151041666665
0 0.45044608410493825 0.5350567853009258 0.026904899691358047 0.035912181712963065
0 0.47706163194444445 0.5343768084490741 0.02633101851851845 0.03688151041666665
0 0.49550057870370373 0.5331181278935184 0.031196952160493712 0.040838396990740655
0 0.5157817322530864 0.5387098524305556 0.022921489197530825 0.03489221643518503
0 0.5450400270061728 0.5385470920138888 0.02747878086419749 0.034942853009259256
0 0.5669463734567901 0.5400101273148148 0.024951774691358047 0.03589048032407405
0 0.5962239583333333 0.540091507523148 0.0294704861111111 0.03545283564814827
0 0.6191647376543209 0.5422978153935185 0.02357253086419764 0.034899450231481444
0 0.6347897376543209 0.5424714265046297 0.025221836419753174 0.03930844907407405
0 0.6650077160493827 0.5462221498842592 0.028322723765432063 0.03739149305555545
0 0.685573398919753 0.5471824363425926 0.029205246913580396 0.04032841435185186
0 0.709912712191358 0.5506239149305555 0.030275848765432063 0.037413194444444464
0 0.7291184413580246 0.5508373119212964 0.02705922067901234 0.037865306712963065
0 0.7523485725308641 0.5567057291666666 0.02824556327160484 0.03641493055555545
0 0.7729721257716049 0.5583984375 0.02077064043209879 0.02413556134259265
0 0.7884235146604938 0.5563747829861112 0.02793692129629625 0.03250868055555545
0 0.8079137731481483 0.5519567418981481 0.02050057870370381 0.02071759259259265
0 0.83129581404321 0.5556315104166667 0.02671682098765456 0.04176432291666665
0 0.8690803433641975 0.5975188078703704 0.02907986111111101 0.022276475694444464
0 0.8405478395061728 0.5945185908564814 0.03314043209876546 0.024273003472222054
0 0.8159239969135802 0.5957085503472221 0.029692322530864363 0.021795428240740655
0 0.7901909722222222 0.5993254484953703 0.03157310956790127 0.02913411458333348
0 0.7665388695987655 0.592232711226852 0.03000096450617266 0.025701678240740655
0 0.7423755787037036 0.5951352719907408 0.02901234567901234 0.03788700810185186
0 0.7199098186728395 0.5865921585648148 0.025366512345679066 0.024674479166666652
0 0.6996696566358024 0.5856354890046296 0.025829475308642103 0.030533854166666652
0 0.6812717013888889 0.591529224537037 0.024532214506172895 0.03881293402777786
0 0.6621937692901235 0.5805844907407407 0.02812500000000003 0.02665653935185186
0 0.6260850694444445 0.5887207031249999 0.03008777006172843 0.04326533564814827
0 0.603197337962963 0.5789532696759259 0.03551793981481488 0.02966579861111107
0 0.5760464891975309 0.5810908564814814 0.029239004629629584 0.03252314814814827
0 0.5477092978395062 0.5846788194444444 0.03226755401234568 0.03792317708333326
0 0.5050781249999999 0.5720088252314814 0.030155285493827105 0.027654803240740655
0 0.4841700424382716 0.5749475549768519 0.034032600308642046 0.04379701967592586
0 0.4663604359567901 0.5718225549768519 0.0247154706790124 0.02466724537037046
0 0.4474995177469136 0.5718569155092592 0.028047839506172807 0.02567997685185186
0 0.3937668788580247 0.5668692129629629 0.029923804012345734 0.024725115740740655
0 0.36525607638888885 0.5682599103009259 0.023987268518518512 0.023683449074074048
0 0.34300974151234565 0.5748426649305556 0.024493634259259284 0.03832465277777786
0 0.3199483989197531 0.5628779658564815 0.029234182098765455 0.024229600694444464
0 0.294579475308642 0.5669867621527778 0.027440200617283955 0.034454571759259256
0 0.2760392554012346 0.5916612413194444 0.03560474537037036 0.04722945601851847
0 0.3010681905864197 0.5955982349537037 0.03100887345679008 0.046690538194444464
0 0.3244261188271605 0.5907353153935185 0.03441840277777778 0.04867983217592586
0 0.35066309799382717 0.5976128472222222 0.032388117283950635 0.04768156828703707
0 0.3720896026234568 0.597119140625 0.032884837962962855 0.04573567708333348
0 0.3971932870370371 0.5978859230324074 0.035334683641975374 0.04381148726851847
0 0.42455873842592595 0.6025806568287038 0.032846257716049244 0.04524739583333348
0 0.4481843171296296 0.5969889322916666 0.029171489197530914 0.04813368055555545
0 0.46879099151234566 0.6025842737268519 0.034722222222222175 0.044292534722222276
0 0.5054036458333333 0.6049424913194444 0.03231095679012341 0.04670500578703707
0 0.5252411265432099 0.6049189814814815 0.032884837962962855 0.04573567708333326
0 0.5448929398148148 0.6148943865740741 0.03353587962962953 0.04574291087962967
0 0.5668161651234568 0.6124547887731482 0.03211805555555566 0.04426359953703707
0 0.5874373070987654 0.6100007233796296 0.03008777006172843 0.04326533564814805
0 0.6064501350308642 0.6077727141203704 0.02886284722222217 0.04422743055555545
0 0.6433521412037037 0.6137930410879631 0.02901716820987647 0.04618055555555545
0 0.6622902199074074 0.6147352430555556 0.02809606481481482 0.042755353009259256
0 0.712671199845679 0.6184660734953704 0.0357590663580248 0.04918258101851869
0 0.7352478780864198 0.6201804832175926 0.03552758487654314 0.04625289351851869
0 0.7603370949074074 0.6289966724537037 0.03901427469135813 0.04921875000000009
0 0.7862437307098765 0.6275770399305556 0.03882137345679008 0.04677734375000009
0 0.8141613618827162 0.6269115306712962 0.036791087962962855 0.04577907986111107
0 0.8409698109567901 0.6286729600694445 0.03759645061728397 0.04773943865740726
0 0.8659215856481483 0.6316333912037038 0.032576195987654565 0.04182942708333348
0 0.8894555362654321 0.6331145109953704 0.033994020061728435 0.04330873842592586
0 0.9136887538580248 0.6846082899305556 0.046783371913580396 0.040523726851851904
0 0.8746793016975308 0.6766131365740741 0.0366705246913579 0.036020688657407485
0 0.8507426697530865 0.6741518373842592 0.044405864197530676 0.03513093171296289
0 0.8210792824074074 0.669187644675926 0.04593942901234568 0.03807508680555571
0 0.7900776427469136 0.6678674768518518 0.042949459876543195 0.033163339120370505
0 0.7381341628086421 0.6772913049768519 0.033883101851852025 0.05013744212962967
0 0.7136019483024691 0.6714084201388889 0.03801601080246897 0.044816984953703676
0 0.6909842785493826 0.6650589554398147 0.0327642746913579 0.03597728587962967
0 0.6656105324074074 0.6608742042824074 0.044405864197530974 0.03513093171296289
0 0.6296103395061728 0.6580349392361111 0.03866222993827151 0.03653067129629628
0 0.6040846836419753 0.6560438368055556 0.03395061728395069 0.034526909722222276
0 0.5784649884259259 0.6569788049768519 0.03245563271604931 0.03207103587962967
0 0.5553144290123456 0.6562337239583333 0.033222415123456805 0.03354311342592586
0 0.5308232060185185 0.6549858940972222 0.03023726851851845 0.036924913194444464
0 0.506983024691358 0.6537452980324074 0.03652102623456788 0.04236111111111107
0 0.48440634645061725 0.6520308883101852 0.03299575617283956 0.03890697337962967
0 0.45503231095679003 0.6507288049768518 0.03364679783950623 0.03891420717592586
0 0.4260392554012346 0.6460159866898147 0.034109760802469115 0.04477358217592586
0 0.4016685956790123 0.6545265480324074 0.03495370370370369 0.047222222222222276
0 0.37204378858024695 0.6500506365740741 0.0369454089506173 0.04773220486111107
0 0.3524353780864198 0.6488570601851852 0.030357831790123413 0.04668330439814805
0 0.33106192129629625 0.6417896412037036 0.029894868827160526 0.04082392939814827
0 0.30655381944444443 0.6444444444444444 0.032426697530864246 0.048169849537036846
0 0.28334297839506173 0.6388201678240741 0.032388117283950635 0.047681568287036846
0 0.2578004436728395 0.6407316984953704 0.03503086419753084 0.048198784722222276
0 0.21542727623456792 0.5778157552083334 0.028592785493827193 0.04080946180555545
0 0.19839891975308643 0.6010434751157407 0.04127604166666673 0.053146701388888884
0 0.1781201774691358 0.6325285734953703 0.044646990740740744 0.054647714120370505
0 0.15874324845679014 0.6671947337962962 0.04368730709876545 0.05073423032407387
0 0.13337432484567902 0.7042335792824075 0.04565007716049382 0.0673430266203705
0 0.24239004629629632 0.6803204571759259 0.03909625771604933 0.058488859953703676
0 0.26806761188271605 0.6801179108796296 0.03185763888888893 0.057432725694444464
0 0.2916377314814815 0.6779405381944444 0.0374469521604938 0.05407986111111107
0 0.3235797646604938 0.6829300491898148 0.037871334876543226 0.05945095486111107
0 0.3589867862654321 0.6864945023148148 0.040359760802469204 0.05801504629629628
0 0.38860918209876544 0.6868236400462964 0.03775559413580254 0.05798611111111107
0 0.4221571180555556 0.6874403211805555 0.03434606481481476 0.05599681712962967
0 0.4463999807098766 0.6896610966435185 0.03867187500000006 0.053117766203703676
0 0.4743947723765432 0.6899721498842593 0.03993537808641978 0.05264395254629628
0 0.5119285300925925 0.6957555700231481 0.04012827932098769 0.05508535879629628
0 0.5417052469135802 0.6980378327546296 0.04422743055555559 0.05757016782407409
0 0.5757716049382716 0.701099537037037 0.043422067901234485 0.05560980902777768
0 0.6077498070987654 0.7024305555555556 0.04162326388888893 0.057541232638888884
0 0.6361448688271605 0.6995750144675926 0.04024402006172837 0.05655020254629628
0 0.6615162037037038 0.6996129918981482 0.040547839506172835 0.05216290509259247
0 0.7004677854938272 0.7068757233796297 0.04415027006172837 0.05659360532407409
0 0.7572844328703704 0.7138491030092593 0.03664641203703697 0.06041304976851869
0 0.7815441743827161 0.7121672453703705 0.041010802469135875 0.05802228009259247
0 0.8058063271604938 0.7146321614583333 0.04614197530864198 0.05710358796296289
0 0.8389539930555555 0.7184154369212963 0.04480131172839504 0.056600839120370505
0 0.8700110918209877 0.7163212528935186 0.04277102623456782 0.05560257523148149
0 0.9082489390432098 0.71455078125 0.05544945987654337 0.059646267361111116
0 0.9604914158950617 0.7253761574074074 0.05525655864197532 0.057204861111110894
0 0.9640673225308642 0.782982494212963 0.059968171296296426 0.05920862268518512
0 0.9271267361111111 0.7764738859953704 0.04993248456790115 0.0556821469907407
0 0.9000892168209876 0.775929542824074 0.04494598765432123 0.04196686921296289
0 0.8674575617283949 0.7704445167824074 0.052107445987654565 0.04204644097222232
0 0.8422791280864198 0.7728479456018518 0.03962191358024706 0.04044415509259247
0 0.8171585648148149 0.7759837962962963 0.04491222993827174 0.049772135416666696
0 0.7869381751543211 0.7680862991898149 0.043610146604938414 0.04975766782407409
0 0.756469425154321 0.7611617476851852 0.04736207561728397 0.047847945601851904
0 0.7262008101851851 0.7691189236111111 0.04273244598765421 0.05511429398148149
0 0.6992549189814815 0.7615017361111112 0.0506172839506173 0.047884114583333304
0 0.6667582947530865 0.7577256944444444 0.0522231867283951 0.04351128472222232
0 0.638305362654321 0.7598488136574073 0.052840470679012284 0.05132378472222232
0 0.6049864969135803 0.7580150462962963 0.041845100308642046 0.04388382523148149
0 0.5748336226851851 0.7674370659722223 0.05047260802469141 0.06251808449074092
0 0.5217327353395061 0.7622124565972221 0.042312885802469204 0.0580367476851853
0 0.48433159722222224 0.7539912471064816 0.04437692901234561 0.051229745370370505
0 0.44806134259259256 0.7477340133101852 0.03970871913580254 0.05800781250000009
0 0.42008342978395063 0.7435203269675926 0.03797743055555566 0.044328703703703676
0 0.38923369984567896 0.7400065104166667 0.03648726851851839 0.05016637731481488
0 0.35379050925925926 0.7401005497685185 0.040509259259259224 0.05167462384259247
0 0.32619839891975305 0.7407696759259259 0.033921682098765484 0.05062572337962967
0 0.2976490162037037 0.7416720920138888 0.04143036265432102 0.055099826388888884
0 0.24583333333333335 0.7403645833333333 0.03679591049382713 0.05407262731481488
0 0.20646460262345678 0.7401710792824074 0.04258294753086419 0.0614547164351853
0 0.18295717592592595 0.7843044704861111 0.05036168981481485 0.06934678819444429
0 0.22279128086419753 0.794504123263889 0.0433159722222222 0.0707320601851853
0 0.25664544753086416 0.7948802806712962 0.04293016975308639 0.0658492476851853
0 0.2908251350308642 0.7952600549768518 0.039525462962962964 0.07215350115740726
0 0.32004243827160495 0.7904622395833334 0.044810956790123445 0.07318793402777768
0 0.3547212577160494 0.7930428964120371 0.0431230709876543 0.0682906539351853
0 0.38176118827160493 0.7977340133101852 0.04039834104938267 0.05850332754629628
0 0.4143711419753086 0.798828125 0.03859953703703697 0.060434751157407485
0 0.4456621334876543 0.8038104021990741 0.04247202932098763 0.06828342013888888
0 0.4799189814814815 0.8051667390046297 0.049131944444444464 0.062015335648148096
0 0.5148437499999999 0.8026276765046296 0.04802276234567889 0.06444227430555549
0 0.5524715470679012 0.8054850260416666 0.053964120370370385 0.07377748842592613
0 0.6032383294753086 0.8140986689814815 0.05181809413580248 0.07131438078703711
0 0.6380690586419754 0.8144856770833333 0.05185667438271609 0.07180266203703711
0 0.6759789737654321 0.8085648148148148 0.0539207175925925 0.06499565972222232
0 0.7141468942901236 0.8182581018518518 0.05584008487654302 0.0728226273148147
0 0.7508150077160494 0.8172019675925926 0.0484085648148147 0.06932508680555571
0 0.7817973572530864 0.8182779947916666 0.052314814814815 0.0693684895833333
0 0.8088541666666668 0.8190664785879629 0.047911844135802184 0.07127097800925908
0 0.8411458333333334 0.8325972945601852 0.05560860339506165 0.0698929398148147
0 0.8996793016975309 0.828369140625 0.0678674768518519 0.07685908564814814
0 0.9374228395061728 0.832691333912037 0.05216049382716056 0.0674153645833333
0 0.9803530092592592 0.8335033275462962 0.039293981481481666 0.0708695023148147
0 0.9985954378858025 0.8416124131944445 0.00280912422839504 0.06090856481481488
0 0.9944540895061729 0.9081289785879629 0.011091820987654266 0.0331344039351853
0 0.977756076388889 0.9053439670138889 0.04448784722222202 0.0331850405092593
0 0.9413315007716049 0.9027416087962963 0.04704861111111095 0.035648148148148096
0 0.7527150848765433 0.8906448929398147 0.04398630401234568 0.038053385416666696
0 0.7080029899691359 0.8886845341435186 0.048659336419753174 0.03956886574074092
0 0.6740234374999999 0.9031864872685185 0.059447337962962976 0.08554687499999991
0 0.6205656828703704 0.909910300925926 0.058410493827160494 0.08065682870370372
0 0.5769603587962963 0.9013762297453703 0.06044560185185185 0.08994864004629632
0 0.5414231288580247 0.9043963396990741 0.05492862654320992 0.08598451967592591
0 0.5097342785493827 0.9067274305555555 0.055502507716049365 0.08501519097222232
0 0.4796706211419753 0.9049298321759259 0.05048707561728394 0.0873987268518519
0 0.4422333140432099 0.900367115162037 0.061554783950617274 0.08752170138888893
0 0.4041280864197531 0.8996997974537038 0.05305266203703699 0.08693938078703711
0 0.36672935956790126 0.8956253616898149 0.055309606481481456 0.08257378472222232
0 0.32501929012345676 0.8863805700231482 0.05423900462962964 0.0854890046296295
0 0.2855179398148148 0.8886248553240741 0.046691743827160494 0.0805266203703705
0 0.25147087191358025 0.8858072916666666 0.055463927469135754 0.08452690972222232
0 0.2115282600308642 0.8865831163194444 0.04818672839506174 0.08298249421296289
0 0.17257908950617284 0.8834671585648148 0.05282118055555555 0.08400969328703711
0 0.13642698688271604 0.8828215422453705 0.055116705246913554 0.08013237847222232