0 0.19848090277777777 0.48274377893518516 0.028081597222222216 0.03126085069444451
0 0.21768663194444446 0.48349066840277777 0.025868055555555564 0.03555410879629628
0 0.23231336805555558 0.48430447048611114 0.02226562500000003 0.03152126736111116
0 0.24958767361111112 0.4847312644675926 0.029166666666666636 0.0361689814814814
0 0.26979166666666665 0.48527199074074073 0.029427083333333364 0.03909866898148151
0 0.28736979166666665 0.4859555844907407 0.022569444444444493 0.03493923611111116
0 0.32884114583333335 0.48242368344907405 0.02478298611111107 0.02334707754629628
0 0.3504557291666666 0.4928186487268518 0.030512152777777857 0.036707899305555514
0 0.38038194444444445 0.49790219907407407 0.024175347222222143 0.031108940972222276
0 0.3999348958333333 0.49841760706018523 0.024262152777777917 0.039384403935185164
0 0.41534288194444446 0.5051414207175926 0.021006944444444436 0.031958912037036935
0 0.4299696180555555 0.5059552228009259 0.018055555555555564 0.02795138888888893
0 0.4454210069444445 0.5011664496527778 0.022395833333333393 0.03298611111111116
0 0.4597222222222222 0.5056423611111112 0.020269097222222292 0.030957031249999822
0 0.47842881944444443 0.5046549479166667 0.02304687500000006 0.03301142939814827
0 0.49924045138888884 0.5057092737268518 0.02907986111111101 0.0351924189814814
0 0.5177517361111111 0.5069191261574074 0.02126736111111101 0.034888599537036935
0 0.5327039930555556 0.5077455873842592 0.021961805555555564 0.03540219907407405
0 0.5482638888888889 0.5090856481481482 0.021831597222222204 0.03393735532407405
0 0.5634331597222222 0.5111454716435185 0.024565972222222232 0.035503472222222276
0 0.6001736111111111 0.5167390046296296 0.0291232638888889 0.0356807002314814
0 0.6226779513888889 0.5171242042824074 0.026475694444444347 0.03509114583333339
0 0.6438585069444445 0.5177029079861111 0.021831597222222204 0.03393735532407405
0 0.659939236111111 0.520533130787037 0.021961805555555564 0.03540219907407405
0 0.6947482638888888 0.5221317997685184 0.021093749999999762 0.032935474537036935
0 0.7099175347222223 0.5241916232638889 0.021788194444444464 0.03344907407407405
0 0.7292751736111112 0.5489529079861111 0.025086805555555536 0.019466145833333393
0 0.711154513888889 0.5506980613425926 0.02322048611111131 0.020366753472222276
0 0.689236111111111 0.5473958333333333 0.02482638888888881 0.016536458333333393
0 0.6675130208333334 0.5418963396990741 0.025217013888889046 0.020930989583333393
0 0.6491319444444444 0.5539207175925926 0.022612847222222232 0.028128616898148273
0 0.6028645833333334 0.5489366319444444 0.021961805555555564 0.02810329861111116
0 0.5780381944444445 0.5379267939814815 0.026475694444444493 0.020493344907407396
0 0.5556857638888889 0.5431821469907407 0.030946180555555536 0.034291811342592515
0 0.5339843750000001 0.533763744212963 0.02339409722222226 0.022319878472222054
0 0.5186414930555555 0.5336570457175926 0.023090277777777796 0.018901909722222054
0 0.4947482638888889 0.5378725405092593 0.024262152777777768 0.032085503472222276
0 0.47699652777777773 0.5281177662037038 0.020963541666666696 0.01687282986111116
0 0.46022135416666665 0.5257505063657407 0.02031250000000003 0.016847511574074048
0 0.4393446180555556 0.5327781394675926 0.02421875000000003 0.031597222222222054
0 0.42265625 0.5257595486111111 0.025130208333333275 0.019954427083333393
0 0.39305555555555555 0.5206886574074074 0.0232638888888889 0.013556134259259167
0 0.3738932291666666 0.5231282552083334 0.02326388888888875 0.028153935185185386
0 0.3548394097222222 0.5243471498842592 0.025390625 0.03018301504629628
0 0.33285590277777777 0.5254521122685185 0.02382812499999994 0.034501591435185164
0 0.3146267361111111 0.5247432002314815 0.02031250000000003 0.031445312500000044
0 0.29976128472222224 0.5192654079861111 0.019140624999999984 0.02556061921296293
0 0.27450086805555557 0.5204879195601851 0.025694444444444464 0.03360098379629628
0 0.25590277777777776 0.5202546296296295 0.021180555555555536 0.033912037037036935
0 0.24010416666666667 0.5105758101851852 0.022786458333333332 0.022782841435185164
0 0.18532986111111113 0.502076099537037 0.03980034722222222 0.031716579861111205
0 0.16723090277777777 0.5219509548611111 0.032291666666666684 0.03483072916666674
0 0.15026041666666665 0.5438295717592593 0.03324652777777778 0.03827401620370363
0 0.13990885416666668 0.5647406684027778 0.02673611111111111 0.03802083333333339
0 0.22582465277777777 0.53525390625 0.024001736111111116 0.036454716435185164
0 0.24273003472222224 0.536156322337963 0.023784722222222204 0.034013310185185164
0 0.26712239583333336 0.5373498987268519 0.027994791666666668 0.03758318865740762
0 0.28109809027777777 0.5381383825231482 0.020095486111111116 0.03630280671296293
0 0.29444444444444445 0.5423321759259259 0.024175347222222216 0.038407841435185386
0 0.3142578125 0.5435926649305556 0.026041666666666668 0.03750723379629628
0 0.338671875 0.5445421006944444 0.025390625 0.03748191550925917
0 0.36191406249999997 0.5476508246527778 0.025911458333333304 0.03604239004629628
0 0.38871527777777776 0.5474681712962963 0.02599826388888893 0.03701895254629628
0 0.407421875 0.5464807581018518 0.030251736111111132 0.04107711226851851
0 0.42684461805555557 0.5521357783564815 0.022612847222222232 0.03542751736111116
0 0.45620659722222223 0.5525426793981482 0.0271701388888889 0.03560474537037028
0 0.4782769097222222 0.5541359230324074 0.02460937499999997 0.035991753472222054
0 0.5072916666666667 0.5547743055555556 0.02912326388888875 0.0356807002314814
0 0.5299479166666666 0.5571252893518519 0.0232638888888889 0.03545283564814827
0 0.5455729166666666 0.5577329282407407 0.02495659722222217 0.039898003472222276
0 0.5755642361111111 0.562084056712963 0.027994791666666668 0.03758318865740762
0 0.595703125 0.5633572048611111 0.028298611111111132 0.041001157407407396
0 0.6198784722222223 0.5669921875 0.029991319444444404 0.03814742476851851
0 0.6391059027777778 0.5674949363425925 0.02673611111111107 0.03802083333333339
0 0.6617404513888889 0.5737648292824074 0.02730034722222226 0.037069589120370505
0 0.6821397569444446 0.5757830584490742 0.020312499999999883 0.024146412037036935
0 0.69765625 0.5739366319444444 0.02756076388888869 0.032700376157407396
0 0.7179687500000002 0.569581886574074 0.020052083333333453 0.021216724537036935
0 0.7407986111111112 0.5736545138888889 0.026432291666666902 0.04190176504629628
0 0.7729383680555556 0.616306785300926 0.028602430555555596 0.022522424768518512
0 0.7445095486111111 0.6127513744212962 0.03337673611111095 0.025141059027777857
0 0.7195963541666668 0.6137424045138888 0.029210069444444525 0.022059461805555625
0 0.6935112847222222 0.6168927228009259 0.031163194444444525 0.029434317129629628
0 0.6706597222222221 0.6093894675925926 0.02955729166666643 0.025965711805555625
0 0.6459418402777778 0.6118580005787038 0.02873263888888881 0.03858506944444429
0 0.6245008680555556 0.6031846788194445 0.02495659722222232 0.02530020254629628
0 0.6047092013888888 0.6016800491898149 0.025477430555555475 0.03115957754629628
0 0.5852430555555556 0.6075376157407407 0.024262152777777768 0.039384403935185164
0 0.5676432291666667 0.5960738570601851 0.027690972222222204 0.026866319444444287
0 0.5303602430555555 0.6039333767361111 0.029210069444444375 0.04395616319444451
0 0.5087239583333334 0.5937825520833333 0.035112847222222264 0.03007450810185186
0 0.48146701388888885 0.5954173900462962 0.02890625000000006 0.0332392939814814
0 0.4524305555555556 0.5986979166666667 0.03194444444444441 0.03822337962962963
0 0.4114800347222222 0.5853461371527777 0.030381944444444347 0.027944155092592737
0 0.3899956597222222 0.588185402199074 0.03381076388888893 0.04462167245370363
0 0.3726779513888889 0.5845721209490741 0.024913194444444436 0.02481192129629628
0 0.3537543402777777 0.584326171875 0.027604166666666725 0.02588975694444451
0 0.30069444444444443 0.5785879629629629 0.0294704861111111 0.024989149305555625
0 0.27152777777777776 0.5796585648148148 0.023524305555555552 0.023784722222222276
0 0.2484375 0.585865162037037 0.02421875000000003 0.038896122685185386
0 0.22699652777777776 0.5735170717592593 0.028776041666666696 0.024475549768518512
0 0.20119357638888888 0.5771683304398147 0.026475694444444493 0.03509114583333339
0 0.1790798611111111 0.6017867476851853 0.035373263888888916 0.04760199652777786
0 0.20353732638888888 0.6059226707175926 0.03081597222222217 0.04742476851851851
0 0.22745225694444446 0.6014630353009259 0.03359375000000001 0.04947916666666674
0 0.2529296875 0.6088234230324074 0.031553819444444464 0.048426649305555625
0 0.2741970486111111 0.6084255642361112 0.03198784722222222 0.04601056134259274
0 0.2992404513888889 0.6096444589120371 0.03506944444444445 0.04418402777777786
0 0.32621527777777776 0.6148582175925926 0.03259548611111115 0.04554759837962963
0 0.35054253472222224 0.6094346788194445 0.028949652777777796 0.048325376157407396
0 0.37059461805555555 0.6153591579861111 0.034505208333333336 0.045135271990740744
0 0.4069010416666667 0.6184859664351852 0.03207465277777777 0.04698712384259274
0 0.4268229166666666 0.6185257523148149 0.03198784722222214 0.04601056134259274
0 0.44516059027777777 0.6290382667824074 0.032682291666666696 0.04652416087962963
0 0.467578125 0.6267252604166667 0.03125 0.045008680555555625
0 0.4886718749999999 0.6246057581018518 0.029210069444444525 0.04395616319444429
0 0.5081163194444445 0.6226671006944444 0.028602430555555596 0.044419126157407396
0 0.5437934027777778 0.62919921875 0.02812500000000003 0.046346932870370505
0 0.5626302083333333 0.630421730324074 0.02717013888888875 0.04290364583333339
0 0.6128472222222222 0.6350694444444445 0.03489583333333327 0.049529803240740744
0 0.6352213541666667 0.6369194878472222 0.03463541666666655 0.046600115740740744
0 0.6588975694444444 0.646169704861111 0.03815104166666675 0.04965639467592586
0 0.6854600694444445 0.6449978298611111 0.03858506944444429 0.047240306712962976
0 0.7132378472222222 0.6448531539351852 0.03654513888888881 0.04618778935185186
0 0.7398220486111112 0.6471119068287037 0.03736979166666643 0.04816623263888875
0 0.7646918402777777 0.6502839265046296 0.032291666666666906 0.04212962962962963
0 0.7877387152777778 0.6519151475694445 0.03376736111111119 0.04413339120370363
0 0.8046875 0.7037760416666667 0.04648437500000006 0.04122178819444455
0 0.7668836805555556 0.6954463252314815 0.03637152777777786 0.03693576388888875
0 0.7432942708333333 0.6925690827546296 0.04405381944444434 0.035774739583333215
0 0.7143663194444444 0.687279369212963 0.04561631944444441 0.03875506365740744
0 0.683181423611111 0.6853316695601852 0.04257812500000006 0.03377097800925921
0 0.6298177083333333 0.6940357349537036 0.033723958333333304 0.05094401041666652
0 0.6061848958333333 0.6879720052083333 0.037760416666666664 0.04526186342592586
0 0.5845703125 0.6812518084490741 0.03242187499999997 0.03629557291666674
0 0.5595269097222223 0.6763581452546297 0.04405381944444434 0.035774739583333215
0 0.5238715277777778 0.6732566550925927 0.03832465277777786 0.03701171875000009
0 0.4986111111111111 0.6708043981481482 0.033637152777777825 0.035369646990740744
0 0.4727647569444445 0.6712691695601851 0.03211805555555566 0.03287760416666652
0 0.4496744791666667 0.6701262297453703 0.0328559027777778 0.03387948495370363
0 0.4249782986111111 0.668675853587963 0.02990451388888893 0.03717086226851851
0 0.4016059027777778 0.6670319733796297 0.03563368055555557 0.04323278356481497
0 0.3792534722222222 0.6649377893518518 0.03268229166666655 0.03922526041666652
0 0.34967447916666666 0.6632975260416667 0.033376736111111104 0.03973885995370363
0 0.3213975694444444 0.6580331307870371 0.033854166666666664 0.04510995370370363
0 0.29583333333333334 0.6663483796296297 0.034722222222222175 0.047576678240740744
0 0.26653645833333334 0.6615342881944444 0.03606770833333339 0.04811559606481497
0 0.2474175347222222 0.6598108362268518 0.030121527777777768 0.0469111689814814
0 0.22684461805555556 0.6523961950231482 0.028949652777777796 0.04102647569444451
0 0.2018012152777778 0.6548520688657407 0.0315972222222222 0.048914930555555625
0 0.17947048611111113 0.6488389756944444 0.03151041666666665 0.047938368055555625
0 0.15353732638888887 0.6502803096064815 0.03415798611111113 0.04852792245370363
0 0.1203125 0.5867621527777778 0.028342013888888868 0.041489438657407396
0 0.09963107638888889 0.6099663628472223 0.04049479166666666 0.0541268807870372
0 0.07465277777777778 0.6410879629629629 0.043836805555555546 0.05523003472222232
0 0.050368923611111116 0.6754213686342593 0.042838541666666674 0.05129846643518521
0 0.021082899305555555 0.7119556568287038 0.04216579861111111 0.06792534722222232
0 0.13240017361111112 0.6896357783564815 0.03832465277777778 0.05890842013888897
0 0.15818142361111112 0.6899034288194444 0.031119791666666674 0.0581416377314814
0 0.18185763888888892 0.6881293402777777 0.036675347222222175 0.05495153356481497
0 0.21336805555555557 0.6937644675925926 0.037109375 0.05983434606481475
0 0.24830729166666665 0.6975730613425926 0.03962673611111104 0.058959056712962976
0 0.2779730902777778 0.6982367621527779 0.03697916666666664 0.05836950231481497
0 0.31150173611111115 0.6995406539351852 0.0335503472222222 0.05628978587962963
0 0.3357638888888889 0.702199074074074 0.03789062500000003 0.05402560763888875
0 0.3634765625 0.7027868200231482 0.039105902777777736 0.053099681712962976
0 0.4001519097222223 0.7091127748842593 0.03932291666666673 0.055541087962962976
0 0.42994791666666665 0.711986400462963 0.04344618055555557 0.05813440393518521
0 0.46360677083333335 0.7155002170138889 0.0426215277777778 0.056155960648148096
0 0.4954644097222222 0.7172290943287037 0.04153645833333345 0.05854673032407409
0 0.5244357638888889 0.7146809895833334 0.03945312499999994 0.057005931712962976
0 0.5498697916666666 0.7151801215277778 0.03975694444444441 0.05312500000000009
0 0.5880425347222222 0.7230342158564815 0.04401041666666661 0.05718315972222232
0 0.6438585069444445 0.7308394820601852 0.03589409722222214 0.060760271990740744
0 0.6681640624999999 0.7293348524305556 0.04027777777777786 0.05898437500000009
0 0.6924045138888889 0.7322374131944445 0.04539930555555571 0.058210358796296324
0 0.7250217013888888 0.7364456741898149 0.044010416666666906 0.05718315972222232
0 0.7561848958333334 0.7349627459490741 0.04197048611111113 0.056130642361111205
0 0.7948350694444445 0.7337709780092593 0.0546875 0.06051793981481479
0 0.8460720486111111 0.7453179253472222 0.054470486111111306 0.05807653356481479
0 0.8412760416666667 0.8029477719907407 0.05920138888888893 0.06020688657407414
0 0.8049913194444445 0.7959020543981481 0.049131944444444464 0.056409143518518334
0 0.7779730902777778 0.794851345486111 0.044704861111111015 0.043098958333333215
0 0.7458333333333332 0.7889467592592593 0.05177951388888916 0.04240089699074079
0 0.7204861111111112 0.7911458333333333 0.03932291666666673 0.04094328703703698
0 0.6947699652777777 0.7938205295138889 0.044704861111111306 0.050397858796296324
0 0.6657986111111112 0.7853443287037036 0.04340277777777768 0.05034722222222232
0 0.6360677083333334 0.7780635127314814 0.04648437500000006 0.04852068865740744
0 0.6046874999999999 0.7856626157407407 0.04192708333333339 0.05564236111111098
0 0.5786024305555556 0.7777886284722222 0.05039062500000006 0.04867259837962967
0 0.5466362847222223 0.7736056857638889 0.051302083333333304 0.044328703703703676
0 0.5177517361111111 0.7751772280092593 0.05264756944444452 0.05216652199074079
0 0.4846354166666667 0.7729094328703704 0.04157986111111119 0.044437210648148096
0 0.45282118055555554 0.7817165798611111 0.04973958333333339 0.06324508101851856
0 0.40043402777777776 0.7757595486111111 0.04153645833333345 0.05854673032407409
0 0.3639756944444444 0.7669921875000001 0.04353298611111119 0.05181206597222232
0 0.3289930555555556 0.7599971064814814 0.03893229166666664 0.05844545717592586
0 0.3013020833333333 0.7554904513888889 0.037065972222222264 0.04474826388888875
0 0.2706163194444444 0.7516022858796296 0.035677083333333304 0.05101996527777786
0 0.23537326388888888 0.7512116608796295 0.03967013888888893 0.05214843750000009
0 0.20792100694444446 0.751368995949074 0.03307291666666664 0.05091869212962963
0 0.1791449652777778 0.7517198350694445 0.04127604166666665 0.05561704282407387
0 0.12703993055555554 0.7499385127314815 0.03663194444444443 0.05446325231481475
0 0.08760850694444444 0.7488950376157407 0.04184027777777777 0.06196469907407409
0 0.05789930555555556 0.7928168402777778 0.04973958333333334 0.07054398148148144
0 0.09613715277777779 0.80361328125 0.042664930555555536 0.07124204282407409
0 0.13003472222222223 0.804441550925926 0.04223090277777778 0.06635923032407409
0 0.16425781250000002 0.8052824797453704 0.038888888888888896 0.07255497685185186
0 0.19435763888888888 0.8010633680555556 0.04357638888888893 0.0741970486111112
0 0.22838541666666665 0.8041015625 0.042447916666666696 0.06880063657407409
0 0.25503472222222223 0.809302662037037 0.039626736111111116 0.058959056712962976
0 0.2875651041666667 0.8108127170138889 0.03789062500000003 0.06132450810185186
0 0.3181206597222222 0.8161657262731481 0.04184027777777777 0.0692635995370372
0 0.35223524305555554 0.8182273582175925 0.04843750000000006 0.06319444444444455
0 0.3880208333333333 0.8161892361111112 0.047309027777777825 0.06509693287037033
0 0.42528211805555555 0.8195981626157407 0.05334201388888893 0.07457682291666679
0 0.47476128472222223 0.8288718894675926 0.05052083333333327 0.07203414351851856
0 0.5096354166666667 0.8297381365740741 0.05121527777777768 0.07254774305555545
0 0.5486762152777778 0.8241518373842592 0.05321180555555557 0.06581307870370368
0 0.5856553819444444 0.8344093605324074 0.05520833333333345 0.07367621527777768
0 0.6222873263888888 0.8338740596064815 0.04774305555555566 0.06997974537037033
0 0.6531684027777778 0.8355649594907408 0.050998263888888985 0.07010633680555545
0 0.6801866319444444 0.8366156684027777 0.04726562499999994 0.07190755208333321
0 0.7106119791666666 0.8507830584490741 0.05494791666666673 0.07074652777777768
0 0.7697265625000002 0.8472023292824074 0.06723090277777762 0.07754991319444438
0 0.8071614583333333 0.8523328993055556 0.05147569444444441 0.06817853009259256
0 0.8583116319444445 0.853832103587963 0.0550347222222225 0.07172309027777768
0 0.8846571180555557 0.8624511718750001 0.03658854166666655 0.06127387152777786
0 0.8679687500000001 0.9289279513888888 0.03997395833333339 0.03366970486111098
0 0.8372395833333334 0.9255280671296297 0.04453125000000006 0.03384693287037033
0 0.8009331597222222 0.9224012586805556 0.04670138888888875 0.036364293981481444
0 0.6134548611111111 0.9075159143518519 0.04366319444444441 0.038679108796296324
0 0.5692491319444445 0.9050618489583333 0.04769965277777777 0.040295862268518556
0 0.5327473958333333 0.9188313802083333 0.058289930555555536 0.0864474826388888
0 0.4783203125 0.9247992621527779 0.05720486111111119 0.0815393518518519
0 0.43569878472222223 0.9155472366898149 0.05933159722222214 0.09086733217592591
0 0.3998697916666667 0.9180736400462963 0.05381944444444434 0.08724681712962967
0 0.36768663194444445 0.9200068721064815 0.054991319444444464 0.08583260995370368
0 0.33749999999999997 0.9178530092592593 0.049348958333333304 0.08804615162037033
0 0.30071614583333334 0.9127477575231482 0.06041666666666664 0.08847656249999991
0 0.26260850694444443 0.9115107783564815 0.05195312499999997 0.08814742476851833
0 0.22580295138888887 0.9066496672453703 0.05477430555555555 0.0833912037037039
0 0.1851779513888889 0.8969853153935186 0.0530815972222222 0.08624493634259256
0 0.1455078125 0.8986273871527777 0.04613715277777778 0.08110894097222232
0 0.1115017361111111 0.8953450520833333 0.05429687499999999 0.08531901041666679
0 0.07163628472222222 0.895509620949074 0.047005208333333326 0.08357566550925921
0 0.03309461805555556 0.8918059172453704 0.05164930555555555 0.08472945601851856
0 0.011946614583333334 0.8906448929398147 0.02389322916666667 0.08092447916666679