0 0.2388474462365591 0.4870665322580645 0.022735215053763413 0.0289339717741936
0 0.25783266129032256 0.4859753024193548 0.01971102150537633 0.03380796370967737
0 0.2723924731182796 0.4854284274193548 0.016575940860215077 0.0301940524193548
0 0.28975470430107525 0.4844203629032259 0.023071236559139823 0.03422631048387098
0 0.30969086021505376 0.4831199596774194 0.022624327956989248 0.03716733870967742
0 0.32744959677419355 0.4821194556451613 0.01653225806451612 0.033492943548387055
0 0.3676915322580645 0.4749747983870968 0.020944220430107574 0.021461693548387117
0 0.3910080645161291 0.48316784274193547 0.02401545698924738 0.034581653225806475
0 0.4215020161290323 0.485554435483871 0.018988575268817254 0.029304435483871016
0 0.44099462365591396 0.4843623991935484 0.017426075268817193 0.03772429435483865
0 0.4577217741935484 0.48940776209677417 0.015665322580645125 0.030584677419354833
0 0.4722345430107526 0.48890625 0.013356854838709667 0.02684979838709678
0 0.4867305107526882 0.48291834677419354 0.016552419354838754 0.03127016129032256
0 0.5016028225806451 0.4859349798387097 0.015124327956989259 0.029649697580645118
0 0.5199227150537634 0.4832636088709677 0.01728494623655911 0.031544858870967696
0 0.5408434139784946 0.48238407258064514 0.022987231182795664 0.03288810483870963
0 0.5592775537634409 0.4819178427419355 0.015171370967741904 0.033407258064516165
0 0.5744052419354838 0.48146925403225804 0.015907258064516167 0.03374999999999995
0 0.5899899193548387 0.4812449596774193 0.015907258064516167 0.032681451612903256
0 0.6053897849462365 0.48190020161290326 0.018575268817204282 0.033991935483870916
0 0.6427688172043011 0.48412550403225807 0.02326276881720431 0.03368447580645162
0 0.6651108870967741 0.48264112903225803 0.020228494623655873 0.03320060483870968
0 0.6863272849462366 0.4812273185483871 0.015769489247311697 0.032439516129032286
0 0.7026041666666666 0.48248487903225806 0.015769489247311697 0.03371219758064514
0 0.7375672043010751 0.48103578629032256 0.015356182795698873 0.0316431451612903
0 0.7526915322580646 0.4815020161290322 0.015816532258064637 0.03195312500000003
0 0.7764146505376344 0.5043397177419354 0.02188508064516122 0.017426915322580616
0 0.7587163978494624 0.5076159274193548 0.019586693548387046 0.018601310483870925
0 0.7364616935483871 0.5064264112903226 0.0222513440860214 0.014359879032258105
0 0.7139818548387096 0.5030115927419355 0.021424731182795753 0.019117943548387084
0 0.6978225806451612 0.5164465725806452 0.01806787634408617 0.026333165322580676
0 0.651364247311828 0.515844254032258 0.01700940860215046 0.026572580645161326
0 0.624700940860215 0.5070992943548387 0.02326276881720431 0.018394657258064495
0 0.6034610215053764 0.5144480846774193 0.024919354838709662 0.03184979838709673
0 0.5801948924731183 0.5071698588709678 0.019492607526881756 0.020602318548387066
0 0.565141129032258 0.5083593750000001 0.020000000000000018 0.016980846774193592
0 0.5422211021505376 0.5147076612903225 0.01885080645161293 0.03050403225806453
0 0.5229569892473118 0.5066507056451613 0.017839381720430165 0.015428427419354795
0 0.5057627688172043 0.5058921370967742 0.01765456989247305 0.015151209677419342
0 0.486364247311828 0.5145690524193548 0.01885080645161293 0.029816028225806424
0 0.4686155913978494 0.5091683467741935 0.021700268817204254 0.01798135080645169
0 0.43822916666666667 0.5070136088709677 0.021055107526881667 0.01139364919354846
0 0.4196538978494624 0.511186995967742 0.018665994623655962 0.02636340725806452
0 0.4009643817204301 0.5139465725806451 0.020181451612903228 0.028160282258064495
0 0.37961021505376347 0.5170010080645161 0.018020833333333375 0.03281754032258055
0 0.3613138440860215 0.5180519153225807 0.014529569892473079 0.030161290322580747
0 0.3456586021505377 0.5139642137096774 0.014388440860214994 0.0242615927419354
0 0.32073924731182796 0.5174823588709677 0.01972446236559137 0.03171370967741938
0 0.3023051075268817 0.5190171370967742 0.015124327956989259 0.032507560483870934
0 0.2849966397849462 0.5108770161290322 0.019126344086021502 0.021189516129032304
0 0.2293212365591398 0.5072253024193548 0.03466397849462366 0.02857610887096773
0 0.21497647849462365 0.5287373991935485 0.026387768817204282 0.032502520161290294
0 0.201875 0.5517414314516129 0.026942204301075263 0.035682963709677384
0 0.1956216397849462 0.5735836693548387 0.0199529569892473 0.0361265120967742
0 0.27527217741935484 0.5364994959677419 0.01733198924731183 0.03478326612903215
0 0.29235215053763436 0.5358089717741936 0.01756384408602152 0.03257560483870958
0 0.31646505376344086 0.5349470766129032 0.021377688172043035 0.03540322580645161
0 0.3306014784946237 0.5343775201612903 0.013514784946236591 0.03488659274193551
0 0.3445766129032258 0.5371547379032258 0.01774529569892473 0.03692288306451608
0 0.36427755376344084 0.5366381048387097 0.01935483870967743 0.03547379032258058
0 0.3888508064516129 0.5353780241935484 0.01912634408602158 0.03564516129032258
0 0.4124361559139785 0.5364994959677419 0.019952956989247372 0.034369959677419404
0 0.4387802419354838 0.5337046370967741 0.019677419354838726 0.03540322580645161
0 0.45716733870967735 0.5311013104838709 0.02335349462365584 0.03909022177419352
0 0.477627688172043 0.5350327620967742 0.016273521505376348 0.03371219758064514
0 0.5066364247311828 0.5326360887096774 0.020779569892473166 0.03367691532258066
0 0.5286592741935484 0.5323084677419354 0.018205645161290345 0.034470766129032215
0 0.5576243279569892 0.5302746975806452 0.022896505376344134 0.03370967741935482
0 0.5806552419354839 0.5306350806451613 0.016827956989247255 0.033813004032257954
0 0.5961727150537635 0.5297051411290322 0.01806787634408602 0.03816028225806445
0 0.6265389784946236 0.5312222782258064 0.021149193548387107 0.03581401209677426
0 0.6468817204301075 0.5306703629032258 0.021286962365591428 0.038850806451612874
0 0.6714079301075269 0.5321194556451613 0.023172043010752635 0.03595262096774188
0 0.6905342741935484 0.5308089717741935 0.020043682795699052 0.03622983870967733
0 0.7139818548387096 0.5350176411290322 0.021149193548387107 0.03512600806451616
0 0.7344858870967741 0.5350831653225806 0.01636760752688164 0.02284778225806461
0 0.7496572580645161 0.5319808467741935 0.02188508064516122 0.030710685483871014
0 0.769106182795699 0.5258921370967741 0.016643145161290285 0.019566532258064484
0 0.7924126344086021 0.5277570564516129 0.01912634408602158 0.04026209677419357
0 0.8317674731182797 0.5669228830645162 0.02501008064516134 0.020322580645161237
0 0.803125 0.5660257056451612 0.028965053763440867 0.022253024193548354
0 0.7785752688172042 0.5693195564516129 0.025655241935483925 0.01994455645161297
0 0.7532426075268818 0.5747177419354839 0.026297043010752752 0.027225302419354946
0 0.7292909946236558 0.5695262096774194 0.025285618279569988 0.02366935483870969
0 0.7052452956989247 0.5741683467741936 0.02188508064516122 0.03646673387096766
0 0.6825336021505376 0.5674218750000001 0.02059811827956981 0.02318548387096775
0 0.662513440860215 0.5679057459677419 0.020275537634408664 0.029117943548387037
0 0.6444220430107527 0.5753225806451613 0.01746975806451608 0.03774445564516138
0 0.624858870967742 0.5657333669354838 0.023309811827956956 0.024770665322580543
0 0.5893918010752688 0.5768422379032258 0.021609543010752724 0.04181955645161284
0 0.5661290322580644 0.568649193548387 0.02997647849462363 0.027295866935483915
0 0.5392775537634409 0.5729259072580645 0.02344758064516128 0.030884576612903336
0 0.5111189516129032 0.5786189516129032 0.025057123655913987 0.03606098790322587
0 0.46824932795698926 0.569304435483871 0.02537634408602152 0.02570816532258058
0 0.4476075268817204 0.5738760080645161 0.026021505376344106 0.04209425403225797
0 0.4295396505376344 0.5719783266129033 0.02050403225806452 0.022986391129032224
0 0.41101142473118285 0.5733921370967742 0.023172043010752635 0.023744959677419297
0 0.35732526881720433 0.5725781249999999 0.025359543010752716 0.02270665322580645
0 0.328692876344086 0.5762121975806451 0.019506048387096797 0.0221345766129033
0 0.3069556451612903 0.584445564516129 0.017415994623655912 0.03703377016129039
0 0.2834072580645161 0.5742515120967742 0.02466397849462365 0.02229082661290316
0 0.25843077956989247 0.5803150201612903 0.02069220430107525 0.033165322580645196
0 0.24091061827956992 0.6065448588709678 0.02702956989247311 0.04517893145161289
0 0.2660248655913979 0.6084248991935484 0.022503360215053725 0.04517893145161289
0 0.2889818548387097 0.601789314516129 0.024939516129032224 0.04695312499999993
0 0.31552419354838707 0.6067540322580645 0.02326948924731183 0.0462247983870967
0 0.33663306451612907 0.6045312500000001 0.02410618279569891 0.043976814516129004
0 0.3616465053763441 0.6033820564516128 0.027308467741935516 0.04167590725806458
0 0.3890927419354839 0.6060483870967742 0.02452284946236564 0.043245967741935454
0 0.4124327956989247 0.5986265120967742 0.02020497311827955 0.046585181451612945
0 0.43308803763440856 0.6027293346774194 0.026404569892473084 0.04256300403225799
0 0.4697681451612903 0.6023109879032258 0.023686155913978563 0.04486391129032263
0 0.4893817204301076 0.6005846774193548 0.024035618279569942 0.04392137096774196
0 0.509516129032258 0.6092867943548387 0.02459341397849461 0.04408266129032268
0 0.53125 0.6049747983870968 0.02375672043010753 0.042668850806451664
0 0.551804435483871 0.6009778225806451 0.02180443548387097 0.04188256048387107
0 0.570611559139785 0.5973185483870967 0.020551075268817165 0.04271673387096775
0 0.607399193548387 0.6005846774193548 0.020134408602150582 0.04454889112903215
0 0.6262096774193547 0.599984879032258 0.01971438172043009 0.04115171370967752
0 0.6768212365591397 0.6000100806451613 0.026475134408602125 0.047162298387096735
0 0.6993581989247312 0.5998261088709678 0.026821236559139667 0.0442842741935483
0 0.7245094086021505 0.6069102822580644 0.02988911290322586 0.0468497983870968
0 0.7503897849462365 0.603460181451613 0.030235215053763476 0.04433971774193557
0 0.7779099462365591 0.6006376008064516 0.028424059139784852 0.04370967741935483
0 0.8047311827956989 0.6004536290322581 0.02898185483870967 0.04553931451612914
0 0.8298118279569892 0.6013407258064516 0.0248017473118279 0.03979082661290323
0 0.8531854838709677 0.6009753024193548 0.02598454301075274 0.04156754032258059
0 0.8792741935483871 0.6507484879032258 0.039711021505376344 0.037653729838709626
0 0.8402620967741935 0.6458064516129032 0.029818548387096893 0.03404485887096764
0 0.8164012096774194 0.6451008064516129 0.03810819892473116 0.03231854838709669
0 0.7866532258064516 0.6425151209677419 0.0392237903225808 0.03498235887096768
0 0.7555477150537634 0.6434803427419354 0.03720094086021497 0.030332661290322527
0 0.7040961021505376 0.6569153225806451 0.024593413978494755 0.04842237903225799
0 0.6796774193548387 0.65296875 0.02967741935483866 0.04272429435483871
0 0.6569657258064517 0.6483165322580645 0.026055107526881782 0.03404485887096764
0 0.6313642473118279 0.6459374999999999 0.03838709677419357 0.032109374999999885
0 0.5955208333333333 0.6459904233870968 0.031908602150537625 0.03409526209677427
0 0.570057123655914 0.6457560483870968 0.027799059139784976 0.032683971774193576
0 0.5444522849462365 0.6487600806451613 0.026334005376344116 0.030229334677419395
0 0.5214986559139785 0.6497001008064517 0.02724126344086016 0.03148437500000001
0 0.49683467741935483 0.6504082661290322 0.023477822580645125 0.03509072580645167
0 0.473182123655914 0.6510609879032258 0.028424059139785 0.040476310483871014
0 0.4506787634408602 0.6509047379032258 0.02605510752688171 0.03702620967741943
0 0.4212466397849463 0.6518976814516129 0.02654233870967741 0.03713205645161288
0 0.39229838709677417 0.649390120967742 0.025917338709677384 0.042774697580645116
0 0.3684711021505376 0.6598689516129033 0.026334005376344116 0.04523689516129026
0 0.3385147849462365 0.6576461693548387 0.027866263440860184 0.04549647177419347
0 0.31918346774193546 0.6578301411290323 0.02180443548387097 0.044921875
0 0.29737567204301074 0.6523941532258064 0.022083333333333306 0.03906502016129032
0 0.2732728494623656 0.656968245967742 0.02319892473118279 0.04664566532258063
0 0.24982862903225808 0.6531527217741936 0.02312836021505375 0.04591229838709676
0 0.22467741935483868 0.656968245967742 0.025917338709677384 0.046330645161290374
0 0.18002016129032258 0.5971345766129031 0.021038306451612865 0.03952620967741938
0 0.16385752688172042 0.6218321572580645 0.0313508064516129 0.050987903225806486
0 0.1447681451612903 0.6548664314516129 0.034556451612903216 0.05215977822580653
0 0.12693548387096773 0.6910559475806451 0.033998655913978514 0.04835937499999998
0 0.1031787634408602 0.7300705645161291 0.032883064516129025 0.06494203629032258
0 0.21074596774193546 0.6978452620967742 0.02814516129032259 0.0562953629032259
0 0.23624327956989244 0.6956199596774193 0.020621639784946206 0.0561491935483871
0 0.2595463709677419 0.6918044354838709 0.02710013440860215 0.052280745967741904
0 0.29159274193548385 0.6943649193548387 0.026404569892473084 0.057404233870967714
0 0.3269858870967742 0.6951890120967742 0.02946908602150537 0.05599546370967734
0 0.3564885752688172 0.693125 0.02702956989247311 0.055942540322580614
0 0.38985887096774197 0.6913457661290323 0.023965053763440824 0.05426915322580639
0 0.41434811827956985 0.691711189516129 0.02863239247311829 0.051237399193548416
0 0.44211021505376347 0.6897253024193548 0.029818548387096744 0.05040070564516119
0 0.4795564516129032 0.692678931451613 0.02946908602150537 0.052860383064516236
0 0.5094791666666666 0.6927570564516129 0.03329973118279576 0.055211693548387064
0 0.5433736559139785 0.6932006048387096 0.03295362903225799 0.053278729838709626
0 0.5752452956989248 0.6921043346774194 0.03107190860215055 0.055471270161290276
0 0.6034979838709678 0.6870085685483871 0.02946908602150537 0.05437247983870974
0 0.62875 0.6852318548387096 0.03065524193548382 0.05018901209677429
0 0.6679737903225806 0.6894909274193548 0.033857526881720425 0.054007056451612856
0 0.7247513440860215 0.6921824596774193 0.024939516129032373 0.05845010080645152
0 0.7487197580645161 0.6884727822580645 0.029818548387096893 0.05604586693548397
0 0.7731014784946236 0.689047379032258 0.03553091397849458 0.0546875
0 0.8061256720430108 0.6903528225806452 0.03427755376344077 0.054163306451612936
0 0.8369186827956989 0.6859904233870968 0.03232526881720421 0.053273689516128986
0 0.8750268817204301 0.6812626008064516 0.0445866935483871 0.056363407258064546
0 0.9275907258064516 0.6880065524193548 0.04437836021505367 0.0541708669354839
0 0.9333030913978496 0.745476310483871 0.04911626344086025 0.055625000000000036
0 0.896135752688172 0.7418724798387096 0.03956989247311841 0.05280745967741929
0 0.8693145161290322 0.7433341733870968 0.037342069892473205 0.039427923387096664
0 0.8364314516129031 0.7403553427419355 0.04472782258064504 0.03848286290322589
0 0.8115255376344086 0.7447177419354838 0.03211693548387107 0.038119959677419324
0 0.7864784946236559 0.7498941532258064 0.03594758064516116 0.04721774193548378
0 0.7563138440860215 0.744117943548387 0.03455645161290318 0.04726562500000009
0 0.725625 0.7395715725806451 0.03838709677419357 0.0450680443548388
0 0.6958400537634408 0.74984375 0.03232526881720421 0.05275705645161288
0 0.668565188172043 0.7443800403225805 0.042150537634408534 0.04465221774193551
0 0.636065188172043 0.7431249999999999 0.04402889784946229 0.04026209677419357
0 0.6080241935483871 0.7473588709677419 0.043541666666666735 0.04810483870967741
0 0.5746202956989247 0.7481149193548386 0.033998655913978514 0.041466733870967776
0 0.5449395161290322 0.759851310483871 0.03859543010752686 0.059609374999999964
0 0.49188844086021505 0.7586239919354838 0.031559139784946254 0.05558215725806459
0 0.45423387096774187 0.7531602822580645 0.034835349462365585 0.04873487903225815
0 0.4180745967741935 0.7496345766129032 0.02898185483870967 0.055786290322580756
0 0.39007056451612904 0.7476713709677419 0.0293985215053764 0.0421446572580646
0 0.35899865591397856 0.7464188508064515 0.02702956989247311 0.04841733870967735
0 0.3239885752688172 0.7493447580645162 0.030584677419354816 0.04925403225806457
0 0.29657594086021505 0.7520362903225806 0.02424395161290323 0.0486819556451612
0 0.2681518817204301 0.7550176411290322 0.03135080645161289 0.0527595766129032
0 0.21635416666666665 0.7578377016129032 0.026821236559139816 0.05213457661290333
0 0.17709677419354838 0.760531754032258 0.03107190860215055 0.0590851814516129
0 0.15546370967741938 0.8067212701612904 0.03755040322580644 0.06681955645161297
0 0.1953125 0.8138583669354839 0.029889112903225785 0.06844002016129025
0 0.22920698924731184 0.8115826612903226 0.030793010752688144 0.06357610887096765
0 0.2631350806451613 0.8092842741935483 0.025917338709677384 0.07026461693548391
0 0.29229166666666667 0.8022807459677419 0.030722446236559176 0.07110383064516124
0 0.3266733870967742 0.8023563508064516 0.03009744623655915 0.06592993951612902
0 0.35394825268817204 0.8049445564516129 0.02946908602150537 0.056365927419354867
0 0.38634072580645157 0.8035836693548387 0.027379032258064484 0.05866683467741929
0 0.4176579301075269 0.8061466733870968 0.029818548387096744 0.06629788306451623
0 0.4518649193548387 0.8049445564516129 0.03762096774193546 0.05950352822580651
0 0.4866969086021506 0.799717741935484 0.036226478494623716 0.06159022177419349
0 0.5242842741935484 0.7996673387096774 0.04033602150537637 0.07089465725806443
0 0.575070564516129 0.8044758064516129 0.038245967741935484 0.06859627016129033
0 0.6096606182795699 0.8020438508064517 0.03845766129032254 0.06906502016129035
0 0.6472815860215053 0.7931577620967741 0.04180107526881723 0.06195312500000005
0 0.6857392473118279 0.7999269153225806 0.04221774193548389 0.06953377016129036
0 0.7220362903225808 0.796086189516129 0.035389784946236645 0.06655493951612912
0 0.7529670698924731 0.7949117943548387 0.03915322580645153 0.06640120967741936
0 0.7800336021505377 0.793500504032258 0.03476478494623662 0.06859627016129033
0 0.8126377688172042 0.8047479838709677 0.04270497311827951 0.06663558467741937
0 0.8706720430107526 0.7958820564516129 0.053854166666666536 0.07272933467741938
0 0.9083971774193548 0.7975277217741935 0.03984879032258052 0.06442036290322584
0 0.9593951612903225 0.7943649193548387 0.0423588709677419 0.06781502016129037
0 0.9869758064516128 0.8004007056451612 0.026045026881720428 0.058881048387096735
0 0.9826915322580644 0.8676386088709677 0.03461357526881711 0.030650201612903327
0 0.9514852150537633 0.8671698588709676 0.038665994623655976 0.030335181451612847
0 0.9150168010752688 0.8673009072580644 0.04054771505376357 0.03279233870967735
0 0.726703629032258 0.8696774193548387 0.03720094086021497 0.035355342741935525
0 0.6822916666666666 0.8711945564516129 0.041172715053763374 0.036504536290322465
0 0.6489180107526882 0.888288810483871 0.04340389784946234 0.08260836693548379
0 0.5960080645161291 0.8989742943548387 0.042916666666666714 0.07764364919354838
0 0.552116935483871 0.893765120967742 0.0433333333333333 0.08697832661290317
0 0.517002688172043 0.8995211693548387 0.038736559139784944 0.08344002016129037
0 0.4855141129032258 0.904241431451613 0.039711021505376344 0.08222530241935488
0 0.4553125 0.9048513104838709 0.03406586021505372 0.08500756048387093
0 0.41786626344086014 0.9031527217741935 0.044865591397849514 0.08443296370967746
0 0.3800033602150538 0.9054007056451613 0.03643481182795701 0.08453881048387091
0 0.34248655913978493 0.9040751008064516 0.03998991935483872 0.07969506048387087
0 0.3005813172043011 0.8981653225806452 0.03810819892473116 0.08292338709677427
0 0.26160282258064516 0.9032308467741935 0.03162970430107529 0.07831905241935488
0 0.22739583333333332 0.903117439516129 0.039711021505376344 0.0815398185483871
0 0.18765120967741936 0.9069002016129032 0.032533602150537654 0.08064012096774187
0 0.14888104838709676 0.9067338709677419 0.03692540322580643 0.08124747983870972
0 0.11286290322580644 0.9088760080645161 0.039711021505376344 0.07738155241935485