0 0.2278595430107527 0.4725730846774194 0.01667002688172044 0.028906250000000022
0 0.25059811827956985 0.47433467741935487 0.016565860215053796 0.030292338709677402
0 0.2668481182795699 0.47369959677419354 0.014879032258064528 0.03045110887096769
0 0.2838877688172043 0.4731854838709677 0.01825268817204299 0.029420362903225805
0 0.29897513440860213 0.47221522177419356 0.015194892473118301 0.027719254032258056
0 0.31375000000000003 0.4710282258064516 0.01593413978494625 0.027716733870967736
0 0.37676747311827957 0.47373991935483867 0.01788642473118281 0.026255040322580636
0 0.3976579301075269 0.47413558467741934 0.01756720430107528 0.02514616935483871
0 0.679885752688172 0.49168346774193544 0.02205309139784954 0.027006048387096748
0 0.6953427419354838 0.5092767137096774 0.029543010752688243 0.028717237903225834
0 0.6504469086021506 0.5065851814516129 0.029650537634408575 0.029506048387096806
0 0.6033602150537634 0.5050403225806451 0.021260080645161345 0.03211945564516133
0 0.4857896505376344 0.509375 0.015614919354838719 0.03295110887096775
0 0.4700168010752688 0.5093346774193548 0.017305107526881674 0.03002268145161291
0 0.4545329301075269 0.5107207661290323 0.01767473118279576 0.03136844758064511
0 0.4339818548387096 0.5129385080645161 0.018676075268817243 0.030579637096774137
0 0.41704637096774194 0.5109576612903226 0.021525537634408565 0.032318548387096746
0 0.37225806451612903 0.5160231854838709 0.018991935483871014 0.03010584677419348
0 0.38929771505376337 0.5055342741935483 0.014771505376344122 0.019097782258064466
0 0.346747311827957 0.5138860887096773 0.01894153225806446 0.031053427419354795
0 0.32353494623655915 0.5137676411290323 0.020628360215053727 0.03342741935483873
0 0.3043850806451613 0.514203629032258 0.01904569892473118 0.032399193548387106
0 0.2875268817204301 0.5140650201612903 0.017620967741935445 0.03283518145161285
0 0.2707762096774194 0.514679939516129 0.020524193548387082 0.03334929435483874
0 0.2519959677419355 0.5198235887096774 0.01904569892473118 0.031769153225806424
0 0.23118279569892472 0.5504435483870967 0.020154569892473145 0.028198084677419244
0 0.2506518817204301 0.5488407258064516 0.017305107526881747 0.02285534274193557
0 0.27483870967741936 0.5506224798387096 0.016935483870967733 0.02214213709677426
0 0.29823924731182794 0.5582434475806451 0.014032258064516098 0.03619707661290317
0 0.3208971774193548 0.553273689516129 0.01440188172043011 0.023649193548387126
0 0.3390725806451613 0.547555443548387 0.02099798387096774 0.02146925403225808
0 0.36149529569892475 0.5475352822580645 0.02089045698924726 0.01976562500000001
0 0.38502352150537633 0.5473563508064515 0.019203629032258068 0.02107358870967735
0 0.4146740591397849 0.5521874999999999 0.018676075268817243 0.031207157258064555
0 0.4457997311827957 0.5496522177419355 0.020154569892473145 0.02946572580645168
0 0.4710181451612903 0.5476738911290323 0.021525537634408565 0.027880544354838666
0 0.4986895161290322 0.5459324596774194 0.025272177419354797 0.028671874999999902
0 0.6288440860215053 0.5469228830645161 0.02537634408602152 0.03017641129032267
0 0.6892237903225807 0.5455191532258065 0.029015456989247273 0.035201612903225765
0 0.7146001344086023 0.5433215725806452 0.025638440860215123 0.03341985887096777
0 0.6214818548387097 0.565241935483871 0.02458333333333333 0.03286542338709686
0 0.5988508064516129 0.5644909274193548 0.027116935483871025 0.037058971774193594
0 0.5749495967741935 0.5618598790322581 0.025850134408602177 0.0393951612903225
0 0.5509979838709677 0.565241935483871 0.021945564516129057 0.03737903225806449
0 0.5326377688172043 0.5689037298387096 0.02606182795698923 0.03591481854838707
0 0.5014583333333332 0.5682711693548387 0.025430107526881685 0.03631300403225812
0 0.4749764784946236 0.5682333669354839 0.02500672043010758 0.03955897177419354
0 0.44685483870967735 0.5743472782258064 0.02732862903225808 0.037305947580645205
0 0.4126176075268817 0.5711214717741936 0.02247311827956988 0.03726562500000008
0 0.38539314516129036 0.5741507056451612 0.023108198924731187 0.03833669354838709
0 0.36292002688172037 0.573515625 0.01962701612903232 0.037069052419354875
0 0.3351948924731183 0.5746043346774193 0.02685483870967742 0.03805947580645164
0 0.3132224462365591 0.5777721774193548 0.023108198924731187 0.04059223790322575
0 0.27887432795698924 0.5740700604838709 0.021841397849462336 0.04102570564516128
0 0.2609912634408602 0.5759702620967742 0.02025873655913979 0.043402217741935534
0 0.24408266129032255 0.5787600806451613 0.021260080645161272 0.04304687499999993
0 0.22453629032258063 0.5812147177419356 0.02300067204301078 0.03845766129032269
0 0.2087331989247312 0.6244783266129031 0.02717069892473119 0.034054939516128924
0 0.23484879032258063 0.6254863911290321 0.029700940860215057 0.03963709677419347
0 0.2639986559139785 0.6211920362903225 0.02532258064516128 0.03508316532258071
0 0.2885819892473118 0.6176688508064515 0.02226478494623659 0.027560483870967767
0 0.3131149193548387 0.622953629032258 0.020047043010752663 0.03979334677419355
0 0.3484375 0.6186189516129031 0.025799731182795622 0.03468497983870966
0 0.37863911290322577 0.6145841733870968 0.0289112903225807 0.03895917338709687
0 0.4085551075268817 0.6131577620967742 0.030809811827956946 0.0408568548387096
0 0.44682795698924727 0.6146471774193548 0.035823252688172026 0.04597026209677413
0 0.4898252688172043 0.6109652217741935 0.02653561827956989 0.04288054435483879
0 0.5173924731182795 0.6112222782258064 0.031337365591397916 0.039833669354838674
0 0.5509475806451613 0.615773689516129 0.027856182795698903 0.04323840725806449
0 0.5782224462365592 0.6135383064516129 0.03270833333333334 0.041852318548387
0 0.6138844086021505 0.6044329637096774 0.029650537634408575 0.035040322580645045
0 0.6466733870967741 0.6068296370967742 0.03571572580645155 0.04006804435483868
0 0.717869623655914 0.6098563508064515 0.03471438172043021 0.04256300403225799
0 0.7857157258064515 0.632961189516129 0.039989919354838754 0.04485131048387103
0 0.7123051075268818 0.6325428427419354 0.033077956989247426 0.045846774193548434
0 0.680809811827957 0.636242439516129 0.03307795698924735 0.041139112903225694
0 0.6214818548387097 0.6402797379032258 0.031233198924731198 0.046842237903225836
0 0.5707829301075269 0.6362247983870968 0.027960349462365624 0.0475126008064517
0 0.5467002688172043 0.6383996975806452 0.026008064516129064 0.03856854838709678
0 0.5324798387096774 0.6412903225806451 0.02764448924731185 0.042449596774193576
0 0.5010114247311828 0.6434475806451613 0.031179435483871032 0.044627016129032304
0 0.4728662634408602 0.6456224798387097 0.030917338709677427 0.043757560483870916
0 0.44242271505376346 0.644125504032258 0.02986223118279563 0.04693296370967737
0 0.41762768817204293 0.6424899193548387 0.027116935483871025 0.042444556451612936
0 0.3922513440860214 0.6466859879032258 0.027960349462365624 0.04656502016129038
0 0.3679569892473118 0.6476537298387096 0.02717069892473119 0.046842237903225836
0 0.34595766129032257 0.6509400201612903 0.025272177419354797 0.04771421370967732
0 0.324247311827957 0.648031754032258 0.027432795698924723 0.04688256048387096
0 0.29169690860215053 0.6500882056451613 0.0269052419354839 0.04482358870967751
0 0.2689045698924731 0.649296875 0.02247311827956988 0.04466481854838711
0 0.24255376344086022 0.6542439516129032 0.03149529569892473 0.048389616935483826
0 0.2017170698924731 0.6569354838709677 0.02801411290322579 0.04522429435483866
0 0.16853494623655915 0.7166154233870968 0.03413306451612902 0.05950352822580651
0 0.20248319892473118 0.7072101814516129 0.03429099462365589 0.033813004032257954
0 0.24054771505376346 0.7044808467741935 0.029069220430107512 0.036423891129032215
0 0.273494623655914 0.7127192540322581 0.02057459677419356 0.05883316532258065
0 0.30008400537634405 0.700070564516129 0.031653225806451614 0.038523185483871014
0 0.33311155913978496 0.6972807459677419 0.033131720430107515 0.04006804435483868
0 0.359119623655914 0.6941381048387097 0.033235887096774164 0.046600302419354867
0 0.38935147849462365 0.700171370967742 0.01994287634408609 0.042288306451612856
0 0.42443212365591393 0.693719758064516 0.03408266129032252 0.04030493951612901
0 0.4593850806451613 0.695602318548387 0.03624327956989252 0.04572832661290316
0 0.49243951612903225 0.6954032258064516 0.029543010752688097 0.04628276209677429
0 0.5230913978494623 0.6995010080645161 0.02627352150537628 0.04759072580645163
0 0.5497849462365592 0.6975025201612903 0.032180779569892515 0.05332913306451603
0 0.5818077956989247 0.6868321572580645 0.033235887096774164 0.03602822580645171
0 0.6110114247311828 0.6860030241935483 0.02959677419354841 0.03532006048387104
0 0.6318245967741934 0.6838659274193548 0.026905241935483826 0.03484375000000006
0 0.6608938172043011 0.6796723790322581 0.03503024193548384 0.03832409274193549
0 0.6942103494623656 0.6882459677419355 0.036454973118279575 0.047162298387096735
0 0.7252049731182796 0.6853956653225807 0.03576948924731186 0.04383568548387107
0 0.8056048387096775 0.6842288306451613 0.03640120967741941 0.04648689516129023
0 0.8404536290322581 0.6834551411290322 0.03487231182795695 0.044231350806451575
0 0.8808904569892473 0.7211869959677419 0.04864247311827944 0.054879032258064564
0 0.8527990591397848 0.7280015120967742 0.040887096774193665 0.052366431451612794
0 0.8225940860215054 0.7233618951612903 0.04030577956989253 0.04996723790322588
0 0.7980611559139786 0.7216582661290323 0.03587365591397843 0.048462701612903114
0 0.7772211021505377 0.717563004032258 0.03756384408602139 0.05475302419354833
0 0.7552217741935484 0.7220161290322581 0.03154905913978497 0.04869959677419344
0 0.7275772849462365 0.729851310483871 0.036085349462365635 0.05345514112903227
0 0.6899092741935484 0.7254183467741936 0.03481854838709678 0.05503528225806442
0 0.6626344086021505 0.7241129032258065 0.03471438172043014 0.05099798387096777
0 0.6319287634408601 0.7306224798387096 0.03186491935483874 0.053097278225806344
0 0.605709005376344 0.7304838709677419 0.033870967741935466 0.05638104838709679
0 0.5799092741935483 0.7365347782258065 0.028172043010752674 0.05637348790322583
0 0.5528192204301076 0.7405720766129033 0.02938508064516136 0.053767641129032206
0 0.5238272849462365 0.7389112903225806 0.029015456989247273 0.05281502016129025
0 0.4951814516129032 0.7388508064516129 0.03028225806451612 0.058634072580645125
0 0.4661659946236559 0.7427116935483871 0.029227150537634472 0.05566784274193548
0 0.43688508064516135 0.7386139112903226 0.02606182795698923 0.05103578629032257
0 0.41203629032258066 0.7414037298387096 0.025430107526881685 0.05827872983870974
0 0.38594758064516127 0.7399798387096773 0.025164650537634465 0.054004536290322536
0 0.3619690860215054 0.7377620967741936 0.030389784946236603 0.05289566532258072
0 0.3398118279569892 0.7421572580645162 0.02880712365591398 0.05408518145161301
0 0.3141700268817204 0.7437399193548386 0.024055779569892504 0.05582661290322588
0 0.28890120967741933 0.7446496975806451 0.028279569892473155 0.05479838709677409
0 0.2469825268817204 0.7486466733870968 0.03117943548387096 0.05662046370967744
0 0.2158837365591398 0.7529687500000001 0.029754704301075297 0.05386844758064524
0 0.1497244623655914 0.7572001008064516 0.02975470430107526 0.05283518145161281
0 0.10849462365591396 0.8462323588709677 0.03940860215053762 0.06495211693548386
0 0.1463239247311828 0.8449319556451613 0.031811155913978505 0.06424899193548383
0 0.17937163978494622 0.8416607862903226 0.030628360215053756 0.0670312500000001
0 0.21545698924731183 0.8403125 0.035712365591397864 0.06830141129032263
0 0.2518481182795699 0.8355871975806451 0.03123991935483872 0.07104586693548387
0 0.29091397849462364 0.8253956653225807 0.03496639784946239 0.07017893145161302
0 0.3335719086021505 0.827172379032258 0.034492607526881734 0.06336693548387107
0 0.385241935483871 0.8267943548387096 0.041065188172042966 0.06199848790322582
0 0.4225134408602151 0.8295136088709678 0.03347446236559145 0.06347278225806452
0 0.4503965053763441 0.8221144153225807 0.03354502688172042 0.05447076612903223
0 0.49024193548387096 0.8220917338709677 0.0408635752688172 0.0675352822580646
0 0.5327990591397849 0.8176688508064517 0.03489919354838703 0.06600806451612895
0 0.5680040322580645 0.8191960685483871 0.041471774193548416 0.06693044354838706
0 0.6004637096774194 0.8113155241935485 0.04174395161290315 0.06580645161290333
0 0.6366498655913978 0.8139087701612904 0.03767809139784939 0.06428427419354832
0 0.7766162634408601 0.804609375 0.03950604838709667 0.06397933467741934
0 0.8106350806451612 0.8044329637096773 0.03598454301075282 0.0682006048387096
0 0.8339112903225806 0.7981275201612903 0.03740591397849465 0.05802923387096781
0 0.8631854838709678 0.7973135080645161 0.04553763440860218 0.058230846774193656
0 0.8827352150537634 0.7916935483870967 0.031374327956989134 0.04851814516129038
0 0.9077083333333333 0.7795186491935484 0.03537298387096784 0.0421572580645162