0 0.20370370370370372 0.46345124421296297 0.019024884259259228 0.0302734375
0 0.22641782407407407 0.4636501736111111 0.01907310956790124 0.03125
0 0.24273003472222224 0.46201352719907407 0.01714409722222217 0.03162977430555558
0 0.25969328703703703 0.4603407118055556 0.02035108024691364 0.03083405671296302
0 0.2750530478395062 0.4582700376157407 0.01699942129629628 0.02870008680555558
0 0.28977382330246915 0.45599139178240744 0.017650462962962948 0.02873625578703698
0 0.35282841435185186 0.4544361255787037 0.01953125 0.0273799189814814
0 0.37364969135802467 0.4535228587962963 0.019483024691358135 0.0264033564814814
0 0.6555266203703703 0.4514973958333333 0.024136766975308532 0.02860966435185186
0 0.6706090856481483 0.46818938078703703 0.031394675925925895 0.03096064814814814
0 0.6257957175925926 0.46848777488425924 0.03206983024691349 0.03148509837962965
0 0.5786434220679012 0.47013346354166663 0.023726851851851787 0.03345630787037046
0 0.46084104938271603 0.48252133969907407 0.0179157021604938 0.03410734953703698
0 0.4452039930555556 0.48363353587962965 0.019724151234567906 0.0312861689814814
0 0.42950665509259256 0.4859664351851852 0.019796489197530853 0.03275101273148151
0 0.40886622299382713 0.48979130497685186 0.02105034722222232 0.03184678819444442
0 0.39203559027777773 0.48877857349537035 0.023750964506172867 0.03394458912037046
0 0.34716194058641975 0.49687138310185186 0.02102623456790124 0.03135850694444442
0 0.364281925154321 0.48545102719907407 0.015938464506172867 0.02036313657407407
0 0.32153018904320985 0.49659107349537035 0.021074459876543255 0.03233506944444442
0 0.2984061535493827 0.49811921296296297 0.02314814814814814 0.03488498263888895
0 0.2791642554012346 0.49991861979166663 0.0211467978395062 0.03379991319444442
0 0.26223717206790126 0.5008590133101851 0.0198688271604938 0.0342158564814814
0 0.24559944058641978 0.502513744212963 0.023148148148148213 0.03488498263888884
0 0.22677951388888887 0.5089156539351852 0.021122685185185192 0.03331163194444442
0 0.2050660686728395 0.5410427517361112 0.02223186728395062 0.02947771990740744
0 0.22469376929012344 0.5380045572916666 0.018711419753086433 0.02392578125
0 0.24870997299382716 0.5381311487268519 0.018687307098765427 0.0234375
0 0.2717857831790123 0.5441532841435186 0.01675829475308636 0.03696469907407396
0 0.29482542438271603 0.5377604166666667 0.016155478395061706 0.02475766782407396
0 0.3130304783950617 0.5306622540509259 0.022569444444444493 0.02316623263888884
0 0.33550347222222227 0.5291702835648149 0.022472993827160465 0.02121310763888884
0 0.35896508487654327 0.5273799189814815 0.020592206790123413 0.02256944444444442
0 0.38869598765432095 0.5301106770833334 0.021074459876543255 0.03233506944444442
0 0.4197651427469136 0.525462962962963 0.022304205246913494 0.03094256365740744
0 0.44493875385802467 0.5218731915509259 0.023533950617284027 0.02955005787037046
0 0.47271653163580246 0.518138744212963 0.02746431327160496 0.03025535300925908
0 0.6029610339506173 0.5101725260416666 0.027536651234567906 0.0317201967592593
0 0.6632908950617283 0.5046296296296297 0.03170814043209891 0.03730830439814814
0 0.6888020833333334 0.5007776331018519 0.02835648148148155 0.0351743344907407
0 0.5952088155864198 0.5291069878472223 0.027030285493827133 0.03461371527777768
0 0.5724464699074074 0.5298846209490741 0.02985146604938264 0.03915292245370372
0 0.548804012345679 0.5287633825231481 0.028645833333333332 0.0410337094907407
0 0.5245346257716049 0.5337637442129629 0.024643132716049305 0.03886357060185186
0 0.5061125578703703 0.5386827256944444 0.028477044753086506 0.0376157407407407
0 0.4748625578703704 0.5404188368055556 0.027850115740740772 0.0380678530092593
0 0.4484833140432099 0.5421278211805556 0.0280189043209876 0.0414858217592593
0 0.4201750578703704 0.5500307436342593 0.02985146604938264 0.03915292245370372
0 0.38612798996913583 0.549244068287037 0.025294174382715973 0.03889973958333348
0 0.35861545138888884 0.5541811342592593 0.0259934413580248 0.03991247106481488
0 0.3361786265432099 0.5549406828703705 0.022014853395061706 0.03823061342592604
0 0.30843701774691357 0.5579427083333334 0.029899691358024654 0.04012948495370372
0 0.2864462770061728 0.562816478587963 0.026114004629629612 0.04235387731481488
0 0.2521098572530864 0.5613154658564815 0.024836033950617287 0.04276982060185186
0 0.23409770447530864 0.5645073784722222 0.023630401234567906 0.04465060763888884
0 0.2173514660493827 0.568359375 0.024281442901234573 0.04468677662037046
0 0.1976875964506173 0.5721299913194444 0.025993441358024654 0.03991247106481488
0 0.18056761188271606 0.6164189091435185 0.029682677469135815 0.03573495370370372
0 0.20689863040123457 0.6156864872685186 0.032576195987654266 0.04173900462962976
0 0.23609905478395063 0.6094382957175926 0.02780189043209876 0.0370912905092593
0 0.26070601851851855 0.604175708912037 0.024160879629629612 0.029097945601851638
0 0.28519241898148145 0.6079282407407407 0.02281057098765434 0.04119646990740744
0 0.32058979552469136 0.6010923032407407 0.02842881944444442 0.03663917824074092
0 0.3507547260802469 0.5950339988425926 0.031901041666666664 0.04121455439814814
0 0.38079909336419754 0.5914171006944444 0.033926504629629615 0.04278790509259256
0 0.41916232638888884 0.590259693287037 0.03940007716049395 0.04844835069444464
0 0.4623360339506173 0.5837221498842593 0.029489776234567906 0.04497612847222232
0 0.4896797839506173 0.582203052662037 0.034529320987654266 0.04184751157407396
0 0.5233410493827161 0.584228515625 0.03079185956790124 0.04504846643518512
0 0.5504798418209876 0.5802860966435185 0.03595196759259256 0.04436125578703698
0 0.5864318094135802 0.5687934027777777 0.03235918209876543 0.03734447337962976
0 0.6192129629629629 0.568919994212963 0.03845968364197535 0.0425528067129628
0 0.6904055748456791 0.5669126157407407 0.03792920524691349 0.0449580439814814
0 0.7576678240740741 0.5853316695601851 0.043258101851851784 0.04768880208333348
0 0.6844015239197532 0.5898889612268519 0.036144868827160316 0.04826750578703698
0 0.6526210455246914 0.5957935474537037 0.03590374228395069 0.04338469328703698
0 0.5931351273148148 0.6039677372685186 0.03489101080246915 0.04917173032407396
0 0.5425226658950617 0.6033709490740741 0.03165991512345675 0.04947916666666674
0 0.51831356095679 0.6071506076388888 0.0286217206790124 0.04054542824074092
0 0.5041594328703703 0.6111020688657407 0.030767746913580158 0.04456018518518512
0 0.4724633487654321 0.6152976707175926 0.03411940586419752 0.04669415509259256
0 0.4443359375 0.6195384837962963 0.034071180555555504 0.04571759259259256
0 0.41379726080246915 0.6200177228009259 0.03358892746913581 0.04909939236111116
0 0.3891179591049383 0.6201714409722222 0.030116705246913494 0.04452401620370372
0 0.36382378472222215 0.6262026186342593 0.03161168981481488 0.04850260416666652
0 0.33934944058641975 0.6287796585648148 0.03033371913580248 0.04891854745370372
0 0.3173707561728395 0.6334092881944444 0.029055748456790154 0.0493344907407407
0 0.2956814236111111 0.6321795428240741 0.030984760802469147 0.04895471643518512
0 0.2630087770061728 0.6364293981481481 0.030237268518518528 0.04696542245370372
0 0.24024643132716048 0.63720703125 0.025655864197530853 0.04622395833333326
0 0.21362606095679013 0.643798828125 0.03496334876543209 0.05063657407407396
0 0.17276716820987656 0.6494773582175926 0.03153935185185186 0.04703776041666652
0 0.1379002700617284 0.7113082320601851 0.03877314814814814 0.0620478877314814
0 0.1722366898148148 0.6996618200231481 0.03684413580246915 0.0361328125
0 0.2104914158950617 0.6941279658564815 0.031756365740740776 0.03828486689814814
0 0.24298321759259256 0.7001139322916667 0.0250530478395062 0.06031177662037024
0 0.26998939043209874 0.6857096354166667 0.03448109567901233 0.04087094907407396
0 0.30302372685185186 0.6807092737268519 0.03585551697530868 0.04240813078703698
0 0.3292341820987654 0.6758445457175926 0.036820023148148216 0.0487919560185186
0 0.3592303240740741 0.6797779224537037 0.022931134259259228 0.04363787615740744
0 0.3947362075617284 0.6707447193287037 0.03715760030864187 0.04248046875
0 0.4294945987654321 0.6702745225694444 0.0394000771604938 0.04844835069444442
0 0.462721836419753 0.6679416232638888 0.032913773148148216 0.04857494212962976
0 0.49313994984567905 0.6699037905092593 0.029706790123456745 0.04937065972222232
0 0.5199532214506173 0.6659794560185185 0.03585551697530868 0.05555555555555558
0 0.5523967978395062 0.6532208478009259 0.035662615740740776 0.03850188078703698
0 0.5814284336419753 0.650390625 0.03235918209876543 0.03734447337962954
0 0.6023823302469136 0.6467918113425926 0.02973090277777783 0.03671151620370372
0 0.6315827546296297 0.6405436197916667 0.03771219135802465 0.0405635127314814
0 0.6647014853395062 0.6469816984953705 0.04012345679012341 0.04994936342592604
0 0.6957947530864198 0.641845703125 0.03930362654320992 0.04649522569444442
0 0.7763069058641975 0.635181568287037 0.040075231481481545 0.04897280092592604
0 0.8111979166666666 0.6320258246527777 0.03802565586419752 0.0469111689814814
0 0.8507065007716049 0.6668384693287037 0.052879050925925895 0.05844907407407396
0 0.8223500192901234 0.6757179542824074 0.044921875 0.05508535879629628
0 0.7922935956790124 0.6730052806712963 0.04415027006172837 0.05260778356481488
0 0.7676142939814815 0.6731589988425926 0.03952064043209861 0.05088975694444442
0 0.746973861882716 0.67041015625 0.04178722993827163 0.05734592013888884
0 0.7249228395061728 0.6765046296296295 0.034987461419753174 0.05112485532407396
0 0.6968557098765432 0.6860984519675926 0.03976176697530853 0.05577256944444442
0 0.6592881944444445 0.6842900028935186 0.038556134259259224 0.0576533564814814
0 0.6323181905864198 0.684814453125 0.038339120370370385 0.0532588252314814
0 0.6013816550925926 0.6933503327546297 0.03585551697530853 0.05555555555555558
0 0.5750024112654321 0.6950593171296297 0.03795331790123457 0.05859375
0 0.5489728009259259 0.7028356481481481 0.03209394290123457 0.05826822916666674
0 0.5217375578703703 0.7087311921296295 0.033275462962962944 0.05589916087962976
0 0.4928264853395062 0.7091200086805556 0.032576195987654266 0.05488642939814814
0 0.4641685956790123 0.7109555844907407 0.0348186728395062 0.06085431134259256
0 0.43498022762345673 0.7169596354166667 0.033371913580246826 0.05785228587962976
0 0.40586419753086417 0.7149251302083333 0.02987557870370372 0.05278862847222232
0 0.380979938271605 0.7192292390046297 0.029586226851851787 0.0600766782407407
0 0.35498649691358025 0.7196994357638888 0.029369212962962948 0.05568214699074092
0 0.33099440586419754 0.7190845630787037 0.034529320987654266 0.05499493634259256
0 0.30862991898148145 0.7249529803240741 0.03264853395061729 0.05635127314814814
0 0.28314284336419754 0.7283166956018519 0.028163580246913567 0.05756293402777768
0 0.257691936728395 0.7309479890046295 0.03202160493827163 0.05680338541666652
0 0.215796199845679 0.7379014756944444 0.03537326388888884 0.05893735532407396
0 0.18431712962962962 0.7442762586805556 0.033926504629629615 0.05593532986111116
0 0.11830873842592593 0.7530562789351851 0.03387827932098767 0.05495876736111116
0 0.07449604552469134 0.8448441116898149 0.04424672067901234 0.06770833333333348
0 0.11234085648148147 0.8410373263888888 0.036385995370370385 0.06629774305555536
0 0.14573688271604937 0.8352864583333333 0.035228587962962944 0.06915509259259256
0 0.18162856867283952 0.8315881799768519 0.040509259259259224 0.07090928819444442
0 0.2183400848765432 0.8244357638888888 0.03672357253086419 0.07313368055555536
0 0.2576075424382716 0.8115415219907407 0.03995466820987659 0.0728262442129628
0 0.30019048996913583 0.8103931568287037 0.03896604938271612 0.0659541377314814
0 0.3520085841049383 0.8062970196759259 0.04540412808641984 0.06485098379629628
0 0.3893229166666667 0.8066587094907407 0.03831500771604931 0.06591796875
0 0.41737798996913583 0.7973090277777777 0.03720582561728403 0.0566044560185186
0 0.4571156442901234 0.7946144386574074 0.04566936728395069 0.07022207754629628
0 0.49968653549382713 0.7871365017361112 0.0397376543209876 0.0684317129629628
0 0.535108024691358 0.7863859953703705 0.046296296296296426 0.06976996527777768
0 0.5677445023148148 0.776294849537037 0.046248070987654266 0.06879340277777768
0 0.6037808641975309 0.7762405960648149 0.04226948302469132 0.06711154513888884
0 0.7439718364197532 0.757496021412037 0.04419849537037024 0.06673177083333348
0 0.7781876929012346 0.7548647280092593 0.041160300925925895 0.07094545717592604
0 0.8016251929012346 0.7469889322916667 0.041956018518518455 0.06076388888888884
0 0.8309823495370371 0.744140625 0.049768518518518455 0.06119791666666674
0 0.8504774305555557 0.7372142650462963 0.034963348765431945 0.05063657407407396
0 0.8758318865740741 0.723388671875 0.038556134259259224 0.04450593171296302