0 0.25542534722222227 0.47102502893518516 0.01931423611111116 0.02968750000000009
0 0.27829861111111115 0.47198350694444446 0.019372106481481428 0.03066406250000009
0 0.29453124999999997 0.4708893952546296 0.017447916666666636 0.031108940972222276
0 0.3114149305555555 0.4697808159722222 0.020645254629629628 0.030204716435185186
0 0.3266420717592593 0.46822012442129635 0.017274305555555536 0.028179253472222276
0 0.34120370370370373 0.466429759837963 0.017925347222222204 0.02819372106481488
0 0.4044704861111111 0.4669795283564815 0.019791666666666725 0.026772280092592582
0 0.42531828703703706 0.4667607060185185 0.01973379629629631 0.025795717592592693
0 0.7086805555555555 0.4741536458333333 0.02440682870370381 0.0278501157407407
0 0.7256727430555555 0.4913773148148148 0.03168402777777798 0.029962384259259234
0 0.6806206597222223 0.4901783130787037 0.032364004629629406 0.030465133101851838
0 0.6333622685185185 0.49025065104166665 0.02404513888888893 0.032718460648148096
0 0.5161964699074074 0.4987214265046296 0.018243634259259345 0.03356481481481488
0 0.5005859375 0.49931278935185186 0.020023148148148096 0.03067853009259247
0 0.48504774305555554 0.5011248553240741 0.02010995370370372 0.03214337384259247
0 0.4646990740740741 0.5042661313657407 0.021354166666666785 0.0311957465277779
0 0.4476562499999999 0.5026891637731481 0.024074074074073987 0.033206741898148096
0 0.40339265046296297 0.5092954282407407 0.021325231481481428 0.03070746527777768
0 0.4193721064814815 0.49842845775462963 0.016131365740740772 0.019864004629629672
0 0.3775752314814815 0.5081579137731482 0.021383101851851844 0.03168402777777768
0 0.3544777199074074 0.5089156539351852 0.02348090277777774 0.03416883680555549
0 0.3353153935185185 0.5100748697916666 0.021469907407407323 0.03314887152777768
0 0.3183883101851852 0.5104510271990741 0.020196759259259196 0.03360821759259247
0 0.30183015046296297 0.5115523726851852 0.02348090277777774 0.03416883680555549
0 0.28359375000000003 0.517335792824074 0.02144097222222226 0.03266059027777768
0 0.26524884259259257 0.5487901475694444 0.022511574074074076 0.028783275462962887
0 0.28466435185185185 0.5464029947916667 0.01893807870370375 0.02333984375000009
0 0.30883969907407405 0.5473325376157407 0.01890914351851854 0.02285156250000009
0 0.33271122685185184 0.5541359230324074 0.01711516203703704 0.03646556712962967
0 0.35519386574074074 0.5485026041666667 0.01639178240740735 0.024258535879629672
0 0.3727358217592593 0.5420012297453703 0.022786458333333332 0.02245008680555549
0 0.3951822916666667 0.541257957175926 0.02267071759259265 0.020496961805555713
0 0.4185908564814815 0.5402488425925926 0.020804398148148273 0.02191840277777768
0 0.44879918981481487 0.5439778645833333 0.021383101851851844 0.03168402777777768
0 0.4795500578703704 0.5403609664351852 0.0225983796296297 0.030248119212962887
0 0.5044849537037037 0.5376066984953703 0.023813657407407412 0.028812210648148096
0 0.5320240162037037 0.5347945601851852 0.02774884259259262 0.02938729745370372
0 0.6621889467592593 0.5311686197916666 0.027835648148148096 0.03085214120370372
0 0.7222800925925926 0.5276331018518519 0.03206018518518524 0.036310040509259345
0 0.7475260416666667 0.5246274594907407 0.02868923611111107 0.034284577546296324
0 0.6564525462962963 0.5498752170138889 0.027358217592592677 0.033767361111111116
0 0.6336371527777778 0.5498933015046297 0.030222800925925924 0.03821976273148131
0 0.6097294560185186 0.5479799623842593 0.029036458333333275 0.040143952546296324
0 0.5858579282407407 0.5521773726851852 0.025014467592592588 0.0381040219907407
0 0.5678602430555556 0.5564887152777778 0.028833912037036964 0.036725983796296324
0 0.5366102430555556 0.5571831597222222 0.028211805555555507 0.03719979745370372
0 0.5102575231481482 0.5580132378472222 0.028414351851851816 0.04061776620370372
0 0.4826388888888889 0.5649830005787038 0.030222800925925924 0.03821976273148131
0 0.44830005787037036 0.5630570023148148 0.025665509259259256 0.038118489583333304
0 0.42115885416666665 0.5670826099537037 0.02637442129629634 0.03910951967592591
0 0.3986689814814815 0.5670934606481481 0.022381365740740716 0.03755787037037028
0 0.37108651620370364 0.5691731770833333 0.03028067129629619 0.03919632523148131
0 0.3494936342592592 0.5733199508101852 0.026519097222222232 0.04155092592592591
0 0.3147858796296296 0.5706687644675926 0.025245949074074108 0.0420102719907407
0 0.29701244212962963 0.5732638888888889 0.02405960648148146 0.04393446180555549
0 0.2805844907407407 0.5765625 0.024710648148148124 0.043948929398148096
0 0.26121238425925924 0.5796820746527778 0.026374421296296264 0.03910951967592591
0 0.24881365740740743 0.6234718605324074 0.030020254629629612 0.03480179398148131
0 0.27522424768518516 0.6236183449074073 0.03297164351851848 0.04071903935185173
0 0.3039207175925926 0.618335865162037 0.028153935185185237 0.03622323495370372
0 0.32810329861111115 0.6138870804398149 0.024435763888888868 0.02833839699074092
0 0.35314670138888893 0.6184642650462964 0.02320601851851863 0.04050202546296289
0 0.388013599537037 0.6128002025462963 0.028776041666666547 0.035749421296296324
0 0.4177010995370371 0.6077401620370371 0.03229166666666661 0.040216290509259345
0 0.447533275462963 0.6051215277777777 0.03433159722222223 0.041724537037036935
0 0.4860026041666667 0.6052445023148149 0.03985821759259256 0.04721137152777777
0 0.5287254050925926 0.6001392505787038 0.029918981481481605 0.04406467013888893
0 0.5560691550925926 0.5995316116898148 0.03492476851851863 0.04076244212962976
0 0.5901548032407408 0.602685546875 0.031221064814814792 0.04409360532407414
0 0.6170283564814815 0.5996437355324074 0.03637152777777786 0.04323278356481497
0 0.6519458912037037 0.5893337673611112 0.032711226851851904 0.03632450810185173
0 0.6849392361111111 0.5905562789351851 0.03885995370370369 0.041337528935185164
0 0.7563440393518519 0.5909252025462963 0.03835358796296321 0.04376446759259256
0 0.8260199652777778 0.611622902199074 0.04370659722222214 0.04632161458333339
0 0.752806712962963 0.6137387876157407 0.036603009259259224 0.04713903356481475
0 0.7214771412037037 0.6185908564814815 0.03631365740740744 0.04225622106481475
0 0.6625217013888888 0.6247902199074074 0.03535879629629631 0.04808666087962976
0 0.6115379050925925 0.6225007233796296 0.032132523148148184 0.04850260416666652
0 0.5875940393518518 0.6254774305555555 0.029007523148148213 0.0396556712962961
0 0.5737847222222222 0.6289623119212964 0.031192129629629584 0.04360532407407414
0 0.5423538773148148 0.6321053964120371 0.03456307870370375 0.045630787037036935
0 0.5145182291666667 0.6354130497685184 0.034505208333333336 0.044654224537036935
0 0.48384693287037034 0.6348723234953704 0.034056712962962976 0.04805772569444455
0 0.45903501157407406 0.6342013888888889 0.030541087962962916 0.04359085648148153
0 0.4342447916666667 0.6393970630787037 0.03207465277777777 0.04752604166666674
0 0.4099030671296296 0.6411603009259259 0.030801504629629644 0.04798538773148153
0 0.38829571759259257 0.6450629340277778 0.029528356481481517 0.048444733796296324
0 0.3663411458333334 0.6431061921296297 0.03145254629629631 0.04799985532407414
0 0.33393373842592594 0.6462709780092593 0.030685763888888957 0.04603226273148153
0 0.31111834490740736 0.6462890625 0.026099537037037084 0.045442708333333304
0 0.2850549768518518 0.6520019531250001 0.03544560185185186 0.04955150462962976
0 0.2445674189814815 0.6563241464120371 0.03198784722222222 0.04606119791666652
0 0.2162254050925926 0.717091652199074 0.039366319444444464 0.06085431134259256
0 0.24950086805555557 0.7065737123842593 0.037181712962962944 0.034960937499999956
0 0.28738425925925926 0.7023093894675926 0.032118055555555504 0.037286603009259345
0 0.3207248263888889 0.7093912760416667 0.025636574074074048 0.059573929398148096
0 0.3463252314814815 0.6958658854166666 0.034866898148148216 0.03978587962962976
0 0.3790147569444445 0.6919614438657407 0.036255787037037024 0.04127965856481497
0 0.40485387731481487 0.687964771412037 0.03728298611111125 0.04764178240740735
0 0.43546006944444443 0.6929072627314814 0.023350694444444375 0.04294343171296289
0 0.47019675925925924 0.6850459346064814 0.03755787037037036 0.04130859375000018
0 0.5051142939814816 0.6857367621527778 0.03985821759259256 0.04721137152777777
0 0.5382884837962963 0.6845106336805555 0.033376736111111104 0.04755497685185173
0 0.5691044560185184 0.6874927662037037 0.030179398148148035 0.04845920138888893
0 0.5956524884259259 0.6844581886574075 0.036385995370370385 0.05444878472222214
0 0.6269024884259259 0.6727629484953703 0.036024305555555504 0.03737340856481497
0 0.6558015046296296 0.6708984375 0.032711226851851904 0.03632450810185195
0 0.676490162037037 0.6679940682870371 0.030078124999999883 0.03577835648148131
0 0.7051866319444443 0.6627115885416667 0.03809317129629619 0.03936993634259256
0 0.7392071759259259 0.6702672887731481 0.0405960648148147 0.04869068287037037
0 0.7699291087962964 0.666162109375 0.039742476851852025 0.04525824652777777
0 0.8502025462962962 0.6621780960648148 0.04053819444444429 0.04771412037037037
0 0.8849609374999999 0.6601833767361112 0.03846932870370375 0.04571759259259256
0 0.9285011574074075 0.6963740596064815 0.05342881944444441 0.05677806712962963
0 0.9009403935185185 0.7043203848379629 0.04544270833333345 0.0536747685185186
0 0.8704065393518517 0.7005985966435185 0.0446469907407406 0.051218894675926
0 0.8455946180555557 0.699927662037037 0.040002893518518455 0.04965277777777777
0 0.8245298032407407 0.696484375 0.04233217592592572 0.05604383680555536
0 0.8030092592592593 0.701851851851852 0.035474537037037145 0.05003978587962976
0 0.7758174189814815 0.7105233651620371 0.04029224537037024 0.05453559027777777
0 0.7378255208333333 0.7074562355324074 0.039105902777777736 0.05645978009259256
0 0.7107494212962964 0.707080078125 0.038845486111111306 0.05206524884259256
0 0.6805555555555557 0.7145959924768519 0.03638599537037024 0.05444878472222214
0 0.6542028356481482 0.7154260706018518 0.03851273148148149 0.05742187500000018
0 0.6288628472222223 0.7223451967592593 0.03265335648148149 0.05729166666666652
0 0.6021050347222222 0.7273401331018519 0.03381076388888893 0.05487919560185173
0 0.5730613425925926 0.7267632378472222 0.03310185185185185 0.053888165509259345
0 0.5444299768518519 0.7276439525462963 0.03540219907407405 0.059790943287036935
0 0.5157190393518518 0.7326822916666667 0.03392650462962976 0.05683232060185173
0 0.486205150462963 0.7296712239583334 0.030381944444444347 0.05187717013888893
0 0.46163917824074074 0.7331506799768519 0.030164930555555507 0.0591869212962961
0 0.43553964120370364 0.7327528211805556 0.02990451388888893 0.0547923900462961
0 0.4113353587962963 0.7313349971064815 0.03505497685185185 0.053931568287036935
0 0.3894748263888889 0.7364655671296296 0.03318865740740732 0.055353009259259345
0 0.36419994212962964 0.7389829282407407 0.02871817129629628 0.056716579861111116
0 0.3388816550925926 0.7407678674768519 0.03256655092592586 0.05582682291666674
0 0.2974898726851852 0.7463324652777779 0.03593750000000003 0.05785228587962976
0 0.26651475694444443 0.7516655815972222 0.03446180555555559 0.05489366319444455
0 0.20106336805555558 0.7582537615740741 0.034403935185185176 0.05391710069444455
0 0.16698495370370373 0.8487286603009259 0.04489293981481479 0.06634114583333339
0 0.2046440972222222 0.8461805555555555 0.03702256944444445 0.06519097222222214
0 0.23761574074074074 0.8415364583333333 0.03589409722222229 0.06809172453703694
0 0.2733217592592592 0.8390317563657408 0.041189236111111104 0.06967230902777777
0 0.30947627314814813 0.8330946180555556 0.03742766203703707 0.07202690972222214
0 0.34757667824074073 0.8214916087962962 0.04065393518518512 0.07161096643518539
0 0.3902922453703703 0.8217646846064814 0.03959780092592583 0.06476056134259256
0 0.44197771990740736 0.8193938078703704 0.046021412037037024 0.0634403935185186
0 0.47955729166666666 0.8210033275462962 0.03894675925925931 0.06474609375000018
0 0.5067635995370371 0.8125759548611111 0.03774594907407399 0.05545428240740735
0 0.5464482060185185 0.8112051504629629 0.04633969907407417 0.0688114872685186
0 0.5884620949074074 0.8051378038194444 0.04039351851851839 0.06721643518518516
0 0.6240162037037037 0.8055700231481482 0.04696180555555548 0.06833767361111098
0 0.6557508680555556 0.7965530960648148 0.04690393518518506 0.06736111111111098
0 0.6919994212962962 0.7977032696759259 0.04291087962962988 0.06580946180555536
0 0.8309968171296296 0.7836136429398148 0.04483506944444452 0.06536458333333339
0 0.8651331018518519 0.7821216724537037 0.04184027777777762 0.06968677662037037
0 0.8878544560185185 0.7750162760416667 0.04253472222222202 0.05946180555555558
0 0.9170789930555555 0.77314453125 0.05034722222222202 0.05963541666666661
0 0.9359375 0.7668583622685186 0.035445601851851784 0.04955150462962976
0 0.9599392361111111 0.753857421875 0.03897569444444452 0.043290653935185164