0 0.2559640522875817 0.44654044117647057 0.02233169934640526 0.03160906862745094
0 0.2834346405228758 0.4449975490196078 0.02070098039215688 0.032352941176470584
0 0.3210441176470588 0.446328431372549 0.023183006535947737 0.035012254901960804
0 0.35262745098039217 0.4483492647058824 0.023820261437908535 0.03267279411764701
0 0.37609477124183005 0.4480294117647059 0.026514705882353013 0.03139705882352939
0 0.40289215686274504 0.45050245098039216 0.022261437908496735 0.03283455882352937
0 0.4328104575163399 0.4546776960784314 0.015738562091503223 0.031932598039215665
0 0.22459313725490196 0.45041911764705883 0.023395424836601286 0.03330392156862749
0 0.2085702614379085 0.47291666666666665 0.02452941176470591 0.03555024509803917
0 0.2743611111111111 0.4784203431372549 0.024245098039215707 0.034116421568627486
0 0.30158496732026147 0.481 0.018715686274509775 0.029384803921568614
0 0.3240228758169934 0.48020098039215686 0.021480392156862742 0.023321078431372544
0 0.3453970588235294 0.48062745098039217 0.018715686274509775 0.026725490196078394
0 0.3657075163398693 0.4839779411764706 0.0168022875816994 0.030237745098039226
0 0.38123366013071897 0.4803615196078431 0.0172271241830065 0.028107843137254895
0 0.39842647058823527 0.480015931372549 0.018857843137254953 0.02773529411764708
0 0.4255081699346405 0.4795894607843137 0.022828431372549012 0.026884803921568667
0 0.47357352941176467 0.48001470588235295 0.021125816993464053 0.031242647058823514
0 0.500406862745098 0.4802267156862745 0.02332352941176478 0.0303921568627451
0 0.5214281045751633 0.48075857843137254 0.020276143790849705 0.03145588235294117
0 0.5456029411764706 0.48190196078431374 0.023111111111111082 0.02895710784313721
0 0.584062091503268 0.48442892156862744 0.023465686274509807 0.029224264705882352
0 0.6104003267973857 0.48264583333333333 0.02552124183006536 0.02693504901960786
0 0.6556666666666665 0.4828063725490196 0.03055555555555552 0.03236029411764707
0 0.6833153594771243 0.48240686274509803 0.025450980392156985 0.031242647058823514
0 0.7588529411764706 0.4972475490196078 0.028499999999999897 0.03986642156862741
0 0.7223415032679738 0.5009693627450981 0.02779084967320274 0.03391176470588236
0 0.679735294117647 0.5017941176470588 0.02509640522875826 0.03524264705882357
0 0.6562679738562092 0.49939950980392156 0.024529411764705838 0.0317303921568628
0 0.6135196078431372 0.5025919117647059 0.025805555555555564 0.03364705882352936
0 0.5803055555555555 0.4986286764705883 0.023183006535947737 0.03306004901960785
0 0.5620506535947712 0.49549142156862747 0.020276143790849705 0.03571813725490197
0 0.543687908496732 0.4990808823529412 0.024813725490196042 0.033006127450980416
0 0.5027107843137255 0.49921323529411765 0.020700980392156804 0.03550612745098042
0 0.4841732026143791 0.4971397058823529 0.021055555555555532 0.03454779411764708
0 0.44075 0.49525122549019607 0.025238562091503287 0.036194852941176414
0 0.4224591503267974 0.4971127450980392 0.02396241830065356 0.03545098039215688
0 0.3965114379084967 0.4976446078431373 0.021834967320261505 0.03523897058823533
0 0.37825653594771236 0.4980171568627451 0.021480392156862777 0.03470710784313724
0 0.3474885620915033 0.49921323529411765 0.02375000000000001 0.03614338235294112
0 0.3207614379084967 0.4968737745098039 0.02474183006535946 0.03401470588235289
0 0.29853594771241826 0.4995061274509804 0.02155228758169936 0.03385661764705883
0 0.28106045751633985 0.5034411764705882 0.02020424836601305 0.03343382352941182
0 0.25500653594771244 0.4951188725490196 0.023820261437908535 0.037524509803921524
0 0.4950702614379085 0.4492585784313725 0.020183006535947772 0.030615196078431328
0 0.5403186274509804 0.4506090686274509 0.021983660130718913 0.033317401960784365
0 0.5699787581699346 0.44961397058823527 0.01933169934640529 0.033884803921568674
0 0.5874607843137255 0.4483345588235294 0.020183006535947772 0.03303063725490196
0 0.6037598039215687 0.4506090686274509 0.0232156862745098 0.03161029411764704
0 0.6298660130718955 0.4554424019607843 0.01857352941176475 0.02933823529411761
0 0.6457385620915033 0.44964950980392154 0.022457516339869255 0.03438235294117642
0 0.6647369281045752 0.4488321078431372 0.020088235294117702 0.034879901960784276
0 0.6810359477124183 0.44911642156862747 0.024258169934640545 0.03459558823529407
0 0.19495098039215686 0.494031862745098 0.02561764705882356 0.04028676470588238
0 0.18214215686274512 0.5154411764705882 0.02299509803921566 0.0231985294117647
0 0.17387254901960783 0.5357218137254902 0.029449346405228765 0.0401580882352941
0 0.23761274509803923 0.5391151960784314 0.027433006535947674 0.03332965686274503
0 0.2605065359477124 0.5363149509803922 0.022388888888888864 0.03317647058823536
0 0.2817859477124183 0.5415355392156863 0.02017156862745099 0.030001225490196015
0 0.3031683006535948 0.5452438725490195 0.020573529411764675 0.03651102941176476
0 0.3297924836601307 0.5396446078431373 0.026625816993464075 0.033481617647058926
0 0.3842549019607843 0.5407034313725491 0.024204248366013054 0.03378431372549029
0 0.4361944444444445 0.5421789215686275 0.026423202614379065 0.03628186274509804
0 0.4630212418300654 0.539796568627451 0.02924836601307194 0.038323529411764756
0 0.4930261437908497 0.5425208333333333 0.022086601307189497 0.04014093137254893
0 0.5171290849673202 0.5406666666666666 0.021885620915032728 0.036886029411764776
0 0.5943333333333334 0.5408553921568627 0.025011437908496692 0.034995098039215744
0 0.6371470588235294 0.5469460784313726 0.02531372549019606 0.036738970588235276
0 0.6632679738562092 0.5429362745098039 0.029147058823529415 0.038703431372548946
0 0.7004330065359476 0.5422169117647059 0.03146732026143795 0.03771936274509802
0 0.7949330065359477 0.540704656862745 0.02743300653594775 0.038323529411764756
0 0.8192385620915031 0.5642352941176471 0.02702941176470593 0.03909313725490193
0 0.7773333333333333 0.5683210784313726 0.026120915032679843 0.042727941176470496
0 0.7482369281045752 0.5610575980392156 0.03146732026143795 0.04363112745098041
0 0.7255457516339869 0.5667316176470588 0.028441176470588303 0.03954901960784318
0 0.6981127450980392 0.5622683823529411 0.02682679738562103 0.042421568627450945
0 0.6611993464052287 0.5675269607843137 0.027433006535947674 0.044316176470588164
0 0.626656862745098 0.5629877450980392 0.03338235294117645 0.04703676470588225
0 0.5916111111111111 0.5673370098039215 0.023196078431372502 0.04075980392156864
0 0.5603464052287582 0.5658995098039216 0.02904575163398689 0.04650735294117658
0 0.527921568627451 0.5641213235294117 0.02531372549019606 0.041588235294117704
0 0.5045735294117647 0.5634779411764705 0.026423202614379065 0.044387254901960826
0 0.45928921568627445 0.5632132352941176 0.02359967320261432 0.04068014705882361
0 0.4258562091503268 0.5626458333333333 0.027532679738562067 0.045446078431372605
0 0.38193464052287585 0.5699093137254901 0.023196078431372502 0.040002450980392235
0 0.3521830065359477 0.5664669117647059 0.024204248366013054 0.04264828431372547
0 0.32994444444444443 0.5652941176470588 0.025112745098039253 0.04075612745098045
0 0.3061421568627451 0.5676776960784313 0.025919934640522852 0.04325490196078441
0 0.27119771241830065 0.5648394607843137 0.02622222222222222 0.03894117647058826
0 0.2516813725490196 0.5640833333333334 0.022893790849673207 0.03924264705882363
0 0.2297450980392157 0.565218137254902 0.026826797385620882 0.041513480392156854
0 0.13534640522875818 0.5951703431372549 0.03227287581699345 0.04831985294117658
0 0.21199509803921568 0.6160036764705883 0.023398692810457478 0.041422794117647044
0 0.2402843137254902 0.6156629901960785 0.02249019607843139 0.0439191176470588
0 0.2994362745098039 0.615360294117647 0.025214052287581667 0.04149877450980388
0 0.3276748366013072 0.6182352941176471 0.022388888888888903 0.04089460784313714
0 0.35157843137254896 0.6180845588235294 0.024204248366013054 0.042408088235294183
0 0.38228758169934635 0.6174791666666667 0.025717320261437877 0.040289215686274416
0 0.4104771241830065 0.6183112745098039 0.02581862745098033 0.04467769607843142
0 0.4488513071895424 0.6183492647058823 0.026323529411764746 0.04702328431372549
0 0.4758807189542484 0.6155870098039216 0.02712908496732025 0.03922916666666665
0 0.5037156862745097 0.6195600490196078 0.028339869281045704 0.047628676470588216
0 0.5329640522875817 0.6176678921568628 0.02874346405228752 0.044752450980392044
0 0.5865686274509804 0.6141495098039216 0.031264705882352896 0.039984068627451075
0 0.6175294117647059 0.6152095588235293 0.027834967320261434 0.0439191176470588
0 0.6556535947712417 0.6134681372549019 0.02965032679738555 0.03862254901960793
0 0.7159133986928105 0.616797794117647 0.030357843137254942 0.04346691176470596
0 0.7471274509803921 0.6200906862745097 0.03287908496732032 0.05232107843137257
0 0.7802075163398693 0.6191825980392156 0.03126470588235305 0.049596813725490296
0 0.8121781045751634 0.6184252450980392 0.03348366013071905 0.04808210784313727
0 0.8415277777777778 0.6168737745098039 0.02924836601307194 0.04634191176470592
0 0.8862058823529412 0.6557561274509804 0.03812254901960799 0.051490196078431305
0 0.8555457516339868 0.6531458333333333 0.03852614379084981 0.04944607843137261
0 0.7970506535947712 0.6536752450980392 0.0322728758169936 0.048689950980392194
0 0.7274101307189542 0.6520857843137255 0.026727124183006563 0.04641911764705875
0 0.6951372549019608 0.650610294117647 0.027532679738562216 0.04800735294117642
0 0.6703774509803923 0.6481139705882353 0.03066013071895431 0.045735294117646985
0 0.6427941176470588 0.6454656862745098 0.028138888888888935 0.04497794117647058
0 0.6147058823529411 0.6485674019607843 0.02400326797385614 0.045736519607843196
0 0.5919640522875818 0.6469031862745097 0.026323529411764746 0.04422181372549017
0 0.528828431372549 0.6490220588235295 0.02410457516339874 0.04755269607843138
0 0.4790571895424836 0.6457683823529412 0.02924836601307194 0.050122549019607776
0 0.45495261437908496 0.650610294117647 0.024607843137254875 0.04891544117647051
0 0.4281258169934641 0.6506115196078431 0.02904575163398689 0.05527083333333338
0 0.3865735294117647 0.6483419117647059 0.02763398692810452 0.05526960784313717
0 0.303671568627451 0.6445575980392156 0.03368464052287582 0.04497671568627459
0 0.27795424836601307 0.656626225490196 0.024607843137254875 0.04869117647058818
0 0.2540016339869281 0.6488700980392157 0.028138888888888863 0.04634191176470592
0 0.2125 0.6519338235294118 0.03529901960784317 0.04203063725490197
0 0.1810326797385621 0.6485674019607843 0.03166830065359479 0.04755147058823539
0 0.10766176470588235 0.6351384803921568 0.03378594771241831 0.05019240196078423
0 0.08673529411764706 0.6775085784313726 0.03973692810457516 0.05142647058823524
0 0.1516846405228758 0.7121017156862745 0.03529901960784313 0.05843627450980393
0 0.18385784313725492 0.7174730392156863 0.029449346405228782 0.05011642156862739
0 0.2162320261437908 0.7161862745098039 0.030660130718954237 0.049359068627450986
0 0.2498660130718954 0.7152781862745098 0.031970588235294084 0.048450980392156895
0 0.2875359477124183 0.7226188725490196 0.029248366013071864 0.06222549019607837
0 0.313656862745098 0.7260992647058824 0.025818627450980403 0.05647671568627444
0 0.3466356209150327 0.7214460784313725 0.033080065359477086 0.05579289215686267
0 0.37265686274509796 0.7201225490196078 0.02944934640522871 0.06086151960784303
0 0.4034166666666666 0.7179656862745099 0.0365098039215687 0.0624497549019607
0 0.44042973856209144 0.7204252450980392 0.03186928104575163 0.060560049019607876
0 0.4685686274509804 0.7179656862745099 0.034895424836601276 0.05700245098039214
0 0.5165751633986928 0.7161127450980391 0.03771895424836602 0.06010294117647064
0 0.5603464052287582 0.7097573529411765 0.03570261437908492 0.06100735294117654
0 0.5957957516339869 0.712515931372549 0.03338235294117645 0.05608700980392167
0 0.635281045751634 0.7136127450980392 0.03610620915032673 0.056920343137254914
0 0.6669493464052287 0.7128553921568627 0.030457516339869335 0.055405637254901885
0 0.6986666666666667 0.7101691176470588 0.035803921568627516 0.060017156862745
0 0.7550947712418301 0.7129779411764705 0.03973692810457526 0.05610416666666662
0 0.7939248366013071 0.7154375000000001 0.04114869281045763 0.05966176470588236
0 0.9267483660130719 0.7167928921568627 0.04477941176470601 0.052387254901960834
0 0.9639640522875816 0.7592769607843137 0.0465947712418302 0.057026960784313685
0 0.9228660130718954 0.7590441176470588 0.049720588235294016 0.06109681372549014
0 0.8810620915032681 0.7532181372549019 0.04175326797385607 0.06124509803921563
0 0.8527728758169935 0.7643394607843137 0.046292483660130834 0.06170588235294128
0 0.8056732026143791 0.7576801470588236 0.04709967320261447 0.06018504901960786
0 0.7768790849673203 0.7570355392156862 0.04215686274509789 0.05390441176470584
0 0.7507581699346405 0.7622561274509804 0.041349673202614255 0.0507303921568627
0 0.7197467320261438 0.7568468137254901 0.03983660130718943 0.05670465686274517
0 0.6912549019607842 0.7565453431372549 0.03792156862745107 0.06063848039215691
0 0.6457696078431373 0.7585502450980393 0.03590359477124183 0.06419607843137265
0 0.6124362745098039 0.7597610294117646 0.0364084967320261 0.06389338235294129
0 0.5761797385620915 0.7577941176470588 0.03469444444444451 0.059506127450980495
0 0.5201045751633987 0.7593848039215686 0.0393333333333333 0.06722426470588228
0 0.4845539215686274 0.7657389705882354 0.031769607843137315 0.06541176470588228
0 0.4616601307189543 0.7656629901960784 0.02894444444444444 0.06072058823529414
0 0.42974019607843145 0.7663075980392157 0.03590359477124183 0.06700122549019616
0 0.37230392156862746 0.7647549019607842 0.029954248366013125 0.06072058823529414
0 0.3379117647058823 0.7641507352941177 0.03257516339869282 0.06314093137254906
0 0.2709950980392157 0.7643014705882353 0.029449346405228782 0.06072058823529414
0 0.23983169934640522 0.7677438725490195 0.030053921568627445 0.060797794117646964
0 0.21290359477124185 0.768046568627451 0.030660130718954237 0.06140318627450969
0 0.18058006535947713 0.7648676470588235 0.035601307189542464 0.05413848039215696
0 0.15380228758169934 0.7658529411764705 0.03348366013071896 0.06336887254901957
0 0.11956209150326798 0.7637708333333333 0.04366993464052286 0.056937500000000085
0 0.07891830065359477 0.8624105392156863 0.038627450980392164 0.07449387254901962
0 0.11462091503267974 0.8613504901960785 0.031366013071895425 0.07055882352941167
0 0.14659150326797385 0.8595355392156863 0.03600490196078432 0.07418872549019606
0 0.18224346405228756 0.8596850490196078 0.03166830065359479 0.07403553921568617
0 0.21804738562091505 0.8561274509803921 0.03126470588235297 0.07826593137254911
0 0.25319444444444444 0.8546139705882352 0.04528431372549021 0.07977818627450972
0 0.29177124183006536 0.8543872549019608 0.0298529411764706 0.08204779411764695
0 0.3257091503267974 0.8548026960784313 0.03782026143790851 0.0778860294117647
0 0.3647892156862746 0.8539338235294118 0.03610620915032673 0.07841544117647059
0 0.399483660130719 0.8555980392156863 0.035299019607843096 0.07993014705882362
0 0.4344297385620915 0.8550686274509803 0.035601307189542464 0.07977818627450972
0 0.47461928104575163 0.8589276960784314 0.03973692810457511 0.08114215686274506
0 0.5151633986928105 0.8595698529411765 0.04336764705882349 0.07834313725490194
0 0.550109477124183 0.8561274509803921 0.04003921568627448 0.07463357843137253
0 0.5860130718954248 0.8586237745098039 0.03983660130718958 0.07781250000000006
0 0.6190424836601307 0.857110294117647 0.03509803921568633 0.07387745098039211
0 0.6519722222222222 0.8561642156862745 0.03983823529411764 0.07334803921568622
0 0.8146503267973856 0.849922794117647 0.04871241830065346 0.07311764705882351
0 0.846671568627451 0.8469718137254901 0.05526797385620904 0.07266176470588226
0 0.883029411764706 0.8513970588235293 0.051132352941176386 0.0701678921568627
0 0.919890522875817 0.8417524509803921 0.055872549019607774 0.07946813725490198
0 0.9615441176470587 0.8343333333333333 0.029650326797385478 0.04829166666666662
0 0.9869791666666666 0.825439453125 0.026041666666666668 0.03271484375