0 0.23267505787037038 0.43696289062500004 0.02435378086419752 0.03287760416666674
0 0.2601152584876543 0.433642578125 0.0230999228395062 0.03378906250000002
0 0.2975019290123457 0.4327473958333333 0.02582465277777783 0.03636067708333335
0 0.3293306327160494 0.4326171875 0.026379243827160465 0.03444010416666665
0 0.3527922453703704 0.43095703125 0.028911072530864185 0.03310546874999998
0 0.37938850308641975 0.43157552083333334 0.024426118827160465 0.03434244791666663
0 0.40914351851851843 0.433984375 0.017867476851851787 0.03304036458333326
0 0.20120804398148148 0.442919921875 0.025752314814814808 0.03489583333333335
0 0.18446180555555555 0.46640625 0.027150848765432094 0.036914062499999956
0 0.24998794367283952 0.46775716145833335 0.026451581790123413 0.03590494791666665
0 0.277223186728395 0.4685872395833333 0.021002121913580307 0.03076171875
0 0.29974440586419754 0.46624348958333334 0.023292824074074108 0.024544270833333326
0 0.32121672453703703 0.4654134114583333 0.020857445987654266 0.02783203125
0 0.3412422839506173 0.467578125 0.01907310956790124 0.031152343749999978
0 0.3570601851851851 0.462890625 0.01897665895061736 0.029199218749999978
0 0.37433690200617287 0.4615397135416667 0.02090567129629643 0.02880859375
0 0.40140335648148145 0.45921223958333335 0.024787808641975346 0.028515625000000044
0 0.44925491898148145 0.45681966145833336 0.023702739197530853 0.032845052083333326
0 0.4762852044753087 0.455224609375 0.02560763888888899 0.03196614583333335
0 0.49710648148148145 0.45442708333333337 0.02240065586419752 0.03277994791666661
0 0.521484375 0.45393880208333337 0.025535300925925892 0.030501302083333348
0 0.5597873263888888 0.4542154947916667 0.025535300925925892 0.030501302083333348
0 0.5862630208333334 0.45069986979166665 0.027391975308642014 0.02864583333333326
0 0.6315345293209876 0.44794921875 0.0328655478395062 0.03427734375000002
0 0.6592399691358025 0.4458333333333333 0.027608989197530853 0.03304036458333326
0 0.7343991126543209 0.45595703125 0.03127411265432123 0.04150390625
0 0.6977358217592592 0.46193033854166665 0.03033371913580248 0.035611979166666696
0 0.6550202546296297 0.46552734375 0.027801890432098908 0.03694661458333337
0 0.6316912615740741 0.464501953125 0.02698206018518512 0.033496093749999956
0 0.5888551311728395 0.4705403645833333 0.02838059413580248 0.035514322916666674
0 0.5558328510802469 0.4685384114583333 0.0257282021604938 0.03440755208333335
0 0.5374228395061729 0.46653645833333335 0.022617669753086506 0.03717447916666661
0 0.5190007716049383 0.47135416666666663 0.027030285493827282 0.034472656249999956
0 0.47794897762345684 0.47413736979166665 0.023244598765432094 0.03671874999999991
0 0.45949074074074076 0.4731119791666667 0.023847415123456745 0.03577473958333344
0 0.4162567515432099 0.47405598958333334 0.027850115740740772 0.03792317708333337
0 0.39793113425925924 0.4769205729166667 0.026499807098765427 0.03688151041666665
0 0.3718412422839506 0.47919921875000004 0.024546682098765427 0.03678385416666674
0 0.35358796296296297 0.4805989583333333 0.02387152777777768 0.036263020833333326
0 0.3225790895061728 0.4838541666666667 0.026548032407407367 0.03785807291666665
0 0.29598283179012347 0.48323567708333337 0.027078510802469147 0.035449218749999956
0 0.27370273919753085 0.48727213541666664 0.023823302469135815 0.035286458333333326
0 0.25624517746913583 0.49228515625 0.02249710648148155 0.03473307291666661
0 0.23027584876543208 0.48554687500000004 0.02659625771604938 0.03883463541666665
0 0.471631462191358 0.4245279947916667 0.022352430555555653 0.03180338541666661
0 0.5168306327160493 0.4232421875 0.02445023148148155 0.03483072916666674
0 0.5465253665123456 0.4202962239583333 0.021870177469135815 0.035188802083333304
0 0.5641758294753086 0.41795247395833335 0.022472993827160614 0.03424479166666661
0 0.5803554205246914 0.419091796875 0.025655864197530853 0.03294270833333335
0 0.606493537808642 0.422412109375 0.021002121913580158 0.03076171875
0 0.6224199459876543 0.41552734375 0.02514949845679008 0.035839843750000044
0 0.6413483796296297 0.4136067708333333 0.022569444444444347 0.03619791666666661
0 0.6576244212962963 0.41279296875 0.026451581790123413 0.03590494791666665
0 0.17039207175925927 0.48829752604166665 0.028694058641975273 0.041861979166666785
0 0.15696132330246912 0.510400390625 0.024594907407407402 0.024609375000000044
0 0.14813609182098766 0.531298828125 0.03260030864197531 0.04205729166666661
0 0.21181761188271606 0.5305501302083333 0.029658564814814808 0.03509114583333339
0 0.2347487461419753 0.5264811197916667 0.02510127314814814 0.034863281250000044
0 0.2559919945987654 0.5302897135416667 0.022328317901234573 0.03131510416666661
0 0.27730758101851855 0.5326334635416667 0.023292824074074108 0.03769531249999991
0 0.30397617669753085 0.5252115885416666 0.02900752314814814 0.03505859375000009
0 0.35831404320987653 0.5229817708333333 0.02642746913580248 0.03541666666666665
0 0.4103612075617284 0.5211100260416667 0.029152199074074108 0.03798828125000009
0 0.43718653549382713 0.51708984375 0.0318528163580248 0.040071614583333304
0 0.46733940972222215 0.518017578125 0.0247878086419752 0.04166666666666652
0 0.4915364583333333 0.5146158854166667 0.024619020061728374 0.03824869791666652
0 0.5687331211419754 0.5097819010416667 0.02777777777777768 0.03645833333333326
0 0.6114245756172839 0.5132486979166666 0.027874228395061706 0.03841145833333348
0 0.6376832561728395 0.5075520833333333 0.031876929012345734 0.040559895833333304
0 0.674852912808642 0.5044759114583333 0.03443287037037024 0.03971354166666652
0 0.7693865740740741 0.4970703125 0.030550733024691468 0.040006510416666696
0 0.7929808063271605 0.5190266927083333 0.029947916666666668 0.04095052083333339
0 0.7510850694444443 0.5257486979166667 0.029465663580246826 0.04433593750000009
0 0.7221257716049383 0.5203776041666667 0.03472222222222202 0.04557291666666674
0 0.6993754822530865 0.5273600260416667 0.03127411265432123 0.04150390625
0 0.6719111689814815 0.5245930989583334 0.030116705246913494 0.04436848958333339
0 0.6348379629629629 0.5322916666666666 0.030840084876543255 0.045865885416666696
0 0.600537712191358 0.5298665364583334 0.03684413580246915 0.04908854166666665
0 0.5651403356481481 0.5365071614583333 0.026114004629629612 0.04222005208333335
0 0.53393856095679 0.5370930989583333 0.032262731481481545 0.048372395833333304
0 0.5014588155864198 0.5372558593750001 0.028115354938271626 0.04329427083333348
0 0.47835889274691357 0.5381673177083333 0.029562114197530853 0.04628906250000009
0 0.43277391975308643 0.5406901041666666 0.02676504629629628 0.04225260416666665
0 0.39957079475308643 0.5423502604166667 0.0309124228395062 0.047330729166666696
0 0.3552396797839506 0.5523600260416667 0.02608989197530868 0.04173177083333335
0 0.32577401620370366 0.5506673177083333 0.0275125385802469 0.044238281249999956
0 0.3033492476851852 0.5510579427083333 0.028067129629629612 0.04231770833333348
0 0.27945360725308643 0.554931640625 0.02883873456790124 0.04479166666666656
0 0.2447434413580247 0.5542317708333333 0.029272762345678993 0.04042968750000009
0 0.22523630401234565 0.5547200520833333 0.026041666666666668 0.04075520833333335
0 0.20335407021604937 0.557275390625 0.030068479938271626 0.04339192708333339
0 0.10807291666666667 0.59296875 0.03561439043209876 0.05048828124999982
0 0.18423273533950615 0.609130859375 0.02613811728395062 0.04270833333333335
0 0.21258921682098766 0.606982421875 0.02563175154320992 0.04560546874999982
0 0.27156876929012347 0.6028157552083333 0.028115354938271626 0.04329427083333348
0 0.29976851851851855 0.6038411458333333 0.025462962962962948 0.04218749999999982
0 0.3238691165123457 0.602392578125 0.027488425925925892 0.043749999999999956
0 0.35452835648148145 0.5996419270833333 0.028694058641975346 0.041861979166666785
0 0.38249903549382713 0.5987304687499999 0.028911072530864185 0.046256510416666785
0 0.42093460648148145 0.5963216145833333 0.029682677469135815 0.04873046875000009
0 0.4480975115740741 0.592041015625 0.029947916666666668 0.04095052083333339
0 0.4759235146604938 0.5940592447916667 0.03165991512345675 0.04931640625
0 0.5053288966049383 0.5903971354166666 0.03216628086419752 0.046419270833333304
0 0.5589192708333334 0.5835774739583333 0.03390239197530868 0.042122395833333215
0 0.5898075810185185 0.582763671875 0.030840084876543255 0.045865885416666696
0 0.6280140817901234 0.57841796875 0.0325279706790124 0.04059244791666661
0 0.6884283371913581 0.578076171875 0.033420138888888694 0.04550781249999991
0 0.7195336612654321 0.579443359375 0.036458333333333336 0.05442708333333335
0 0.7524836033950617 0.5763346354166667 0.035011574074074105 0.05143229166666652
0 0.7844449266975309 0.5735188802083333 0.036892361111111015 0.05006510416666665
0 0.8138382523148149 0.5701009114583333 0.032913773148148216 0.04840494791666661
0 0.857518325617284 0.60615234375 0.0416184413580248 0.0537109375
0 0.8270278742283951 0.6054850260416667 0.04217303240740744 0.051790364583333304
0 0.7683738425925926 0.6096354166666667 0.03563850308641984 0.050976562500000044
0 0.6987364969135802 0.6126302083333333 0.03030960648148155 0.04827473958333339
0 0.6665702160493827 0.6130208333333333 0.03103298611111116 0.049772135416666696
0 0.6419391396604938 0.612060546875 0.034167631172839386 0.047493489583333215
0 0.6143783757716049 0.6112467447916666 0.031539351851851784 0.046875
0 0.5862147955246914 0.616064453125 0.027006172839506053 0.04713541666666665
0 0.5634886188271605 0.6159830729166667 0.02953800154320992 0.04580078125000009
0 0.5001929012345679 0.6220703125 0.027753665123456745 0.049121093749999956
0 0.4505208333333333 0.621875 0.03308256172839504 0.05182291666666661
0 0.4261791087962963 0.6282063802083333 0.028477044753086506 0.05061848958333348
0 0.399462287808642 0.630029296875 0.033347800925925895 0.05719401041666661
0 0.35788001543209874 0.6304036458333333 0.031394675925925895 0.057096354166666696
0 0.27500482253086417 0.6318684895833333 0.036747685185185196 0.04713541666666665
0 0.2490113811728395 0.6453450520833333 0.028452932098765427 0.05013020833333348
0 0.22528452932098764 0.6392252604166667 0.031611689814814804 0.04833984375
0 0.1837625385802469 0.6449544270833334 0.038556134259259224 0.044303385416666785
0 0.1523316936728395 0.643603515625 0.034915123456790154 0.04947916666666652
0 0.07939091435185185 0.6345865885416666 0.037663966049382734 0.05253906250000018
0 0.05709876543209876 0.6783203124999999 0.04357156635802469 0.05380859374999991
0 0.12119020061728396 0.7087239583333333 0.03937596450617287 0.060904947916666785
0 0.1534891010802469 0.7122233072916666 0.03308256172839504 0.05182291666666661
0 0.18580005787037038 0.7089029947916667 0.03436053240740744 0.051399739583333215
0 0.21940104166666666 0.70576171875 0.03561439043209876 0.05048828124999982
0 0.2568238811728395 0.7107096354166667 0.03368537808641977 0.06402994791666661
0 0.2830343364197531 0.7125651041666667 0.030140817901234573 0.05800781250000009
0 0.3161651234567901 0.7057942708333333 0.0372781635802469 0.05787760416666665
0 0.34229118441358025 0.702783203125 0.03361304012345675 0.06256510416666661
0 0.37301070601851855 0.6988118489583333 0.040870949074074105 0.06487630208333339
0 0.4100236304012346 0.6989095052083334 0.03621720679012341 0.06269531249999982
0 0.43816309799382713 0.694580078125 0.03930362654320992 0.05944010416666656
0 0.4861352237654321 0.68974609375 0.04205246913580248 0.0625
0 0.5300925925925926 0.6807291666666666 0.04014756944444434 0.06337890625000009
0 0.5654658564814815 0.68115234375 0.03730227623456791 0.05836588541666665
0 0.6051432291666666 0.6798990885416667 0.03995466820987659 0.05947265625000009
0 0.6367790316358025 0.6770996093749999 0.034649884259259224 0.057259114583333215
0 0.6685112847222222 0.6723470052083333 0.04009934413580248 0.06240234375000009
0 0.7250434027777777 0.6717122395833333 0.04381269290123472 0.05869140624999991
0 0.7636839313271605 0.671728515625 0.04528356481481488 0.06217447916666674
0 0.8965205439814815 0.664599609375 0.048828125 0.055045572916666785
0 0.93285831404321 0.7046712239583334 0.05102237654320992 0.060026041666666696
0 0.891505111882716 0.706982421875 0.054470486111111306 0.06409505208333321
0 0.8500916280864198 0.7039388020833334 0.04603105709876528 0.06416015625000004
0 0.8212046682098766 0.7168294270833333 0.050612461419753174 0.06487630208333339
0 0.7743055555555555 0.7130859375 0.05119116512345675 0.0634440104166667
0 0.7456717785493826 0.7142740885416666 0.046320408950617065 0.05686848958333335
0 0.7193528163580248 0.72119140625 0.0448495370370369 0.05338541666666674
0 0.6883559992283951 0.7176269531249999 0.04383680555555566 0.05917968749999991
0 0.6600356867283951 0.71904296875 0.04207658179012341 0.06298828125
0 0.6143301504629629 0.7240071614583334 0.040292245370370385 0.06630859375000009
0 0.5810426311728395 0.7273763020833333 0.0409432870370369 0.06634114583333339
0 0.5446566358024691 0.727734375 0.038773148148148216 0.06184895833333348
0 0.4885585455246913 0.7327311197916666 0.04436728395061736 0.06992187499999991
0 0.45306471836419754 0.7413248697916667 0.036458333333333336 0.06757812500000004
0 0.4299406828703704 0.742724609375 0.03361304012345675 0.06256510416666661
0 0.3979914158950617 0.7452962239583334 0.041087962962962944 0.06927083333333339
0 0.3407359182098766 0.7474283854166667 0.03426408179012341 0.06259765624999991
0 0.3062427662037037 0.7489095052083333 0.03698881172839504 0.06516927083333335
0 0.23912519290123457 0.7534830729166666 0.03361304012345675 0.06256510416666661
0 0.20801986882716048 0.7586914062500001 0.03426408179012341 0.06259765624999991
0 0.18096547067901234 0.7607747395833333 0.03496334876543209 0.06360677083333321
0 0.1488715277777778 0.7597005208333334 0.03980999228395062 0.05654296875000009
0 0.12211853780864197 0.762255859375 0.03831500771604938 0.06572265625000018
0 0.0876856674382716 0.7625162760416666 0.04776716820987651 0.05986328125000018
0 0.044704861111111105 0.8635416666666667 0.04407793209876543 0.07721354166666661
0 0.0802589699074074 0.860302734375 0.03669945987654322 0.07246093749999982
0 0.11228057484567901 0.8562662760416666 0.04144965277777779 0.07659505208333339
0 0.14809992283950615 0.8542317708333333 0.036868248456790154 0.07587890625000004
0 0.1837745949074074 0.8485514322916667 0.03708526234567899 0.08027343749999982
0 0.21902729552469136 0.8448404947916667 0.050853587962962944 0.08291015625000009
0 0.2578004436728395 0.8421712239583334 0.03597608024691357 0.08411458333333321
0 0.2916666666666667 0.840234375 0.043595679012345734 0.0805989583333333
0 0.33078944830246915 0.837060546875 0.041666666666666664 0.08098958333333339
0 0.3655598958333333 0.8365397135416667 0.041087962962962944 0.08242187500000009
0 0.400438850308642 0.8338216145833333 0.04171489197530853 0.08196614583333339
0 0.44064670138888884 0.8349772135416667 0.04569347993827163 0.08362630208333321
0 0.4809992283950617 0.833203125 0.048828125 0.08134765625000018
0 0.5160228587962963 0.8275553385416667 0.04538001543209876 0.07727864583333321
0 0.5520592206790124 0.8277018229166666 0.04552469135802465 0.08020833333333321
0 0.5850332754629629 0.8241048177083334 0.04077449845679008 0.07607421875000009
0 0.6179832175925926 0.82099609375 0.04530767746913581 0.07581380208333321
0 0.7808280285493826 0.8045735677083333 0.053771219135802184 0.07623697916666661
0 0.8132233796296297 0.7995442708333333 0.060257523148148216 0.07607421875000009
0 0.8494767554012346 0.8018717447916667 0.05623070987654325 0.07343750000000004
0 0.8864414544753085 0.789794921875 0.0618971836419752 0.0829752604166667
0 0.9285059799382717 0.7796549479166667 0.033010223765431945 0.05035807291666661
0 0.9501229745370369 0.7693196614583333 0.02051986882716032 0.034147135416666696