0 0.2374855324074074 0.4177571614583333 0.027980324074074064 0.03401692708333326
0 0.26514033564814815 0.4166178385416667 0.026085069444444404 0.03489583333333335
0 0.30203269675925926 0.4184244791666667 0.029513888888888912 0.03798828125000009
0 0.3330367476851852 0.4210123697916667 0.029369212962962948 0.03554687499999998
0 0.35640190972222224 0.42106119791666663 0.031915509259259345 0.034700520833333304
0 0.38252314814814814 0.42389322916666666 0.028067129629629612 0.03548177083333337
0 0.4117838541666667 0.428515625 0.02146990740740747 0.03369140625
0 0.20580873842592592 0.421044921875 0.029398148148148156 0.03603515625000009
0 0.18599537037037037 0.443212890625 0.03084490740740738 0.038541666666666696
0 0.2501808449074074 0.4499837239583333 0.030107060185185164 0.03704427083333339
0 0.27695312499999997 0.452783203125 0.023929398148148096 0.031380208333333326
0 0.29937065972222227 0.452392578125 0.025535300925925892 0.025618489583333348
0 0.3204137731481482 0.4532877604166667 0.023133680555555536 0.028906250000000022
0 0.33999565972222223 0.45693359375 0.022034143518518512 0.032259114583333304
0 0.3561053240740741 0.45345052083333337 0.02191840277777783 0.030305989583333304
0 0.3729890046296296 0.4533365885416667 0.02384259259259262 0.029915364583333437
0 0.39992042824074076 0.45345052083333337 0.027719907407407263 0.02962239583333326
0 0.44756944444444446 0.4544759114583333 0.026678240740740655 0.03395182291666665
0 0.47414641203703706 0.45509440104166665 0.028573495370370388 0.033072916666666674
0 0.4948640046296296 0.456005859375 0.026027199074073987 0.03391927083333335
0 0.5187934027777777 0.4574869791666667 0.028486689814814763 0.03160807291666656
0 0.5565755208333333 0.46070963541666665 0.02851562499999997 0.032096354166666674
0 0.5829427083333333 0.45939127604166663 0.030324074074074076 0.029752604166666696
0 0.6280020254629629 0.460302734375 0.03653067129629628 0.03590494791666665
0 0.6552734375 0.46015625 0.031235532407407323 0.0341796875
0 0.7276692708333333 0.4762532552083333 0.035662615740740776 0.043164062500000044
0 0.6908130787037038 0.47931315104166666 0.03401331018518524 0.037239583333333326
0 0.6482855902777778 0.4794921875 0.03146701388888884 0.0380859375
0 0.6254050925925926 0.47674153645833334 0.029962384259259345 0.03460286458333328
0 0.5824074074074074 0.4793782552083333 0.03138020833333336 0.03662109375
0 0.5502170138888889 0.47490234375 0.028747106481481488 0.036002604166666674
0 0.5328993055555555 0.47138671875 0.026287615740740716 0.03831380208333335
0 0.5138744212962963 0.47477213541666663 0.030700231481481488 0.036100260416666696
0 0.47332899305555554 0.474365234375 0.02690972222222232 0.03785807291666665
0 0.4553023726851852 0.47185872395833334 0.026851851851851904 0.03688151041666665
0 0.4122829861111111 0.469384765625 0.031524884259259256 0.0390625
0 0.39402488425925924 0.47078450520833337 0.030193865740740716 0.03850911458333339
0 0.368041087962963 0.47111002604166663 0.028211805555555653 0.03792317708333326
0 0.3498697916666667 0.471044921875 0.02753182870370363 0.037402343749999956
0 0.31931423611111115 0.47184244791666663 0.030222800925925924 0.03899739583333339
0 0.2931929976851852 0.46901041666666665 0.030758101851851904 0.037076822916666696
0 0.27065972222222223 0.47135416666666663 0.027473958333333364 0.036425781249999956
0 0.2525969328703704 0.4749348958333333 0.02614293981481482 0.03587239583333335
0 0.228125 0.4661783854166667 0.03030960648148155 0.04046223958333339
0 0.4743561921296296 0.424169921875 0.025318287037037052 0.032910156250000044
0 0.5190321180555556 0.42607421875 0.02809606481481482 0.03597005208333337
0 0.5485966435185184 0.4255696614583333 0.025520833333333215 0.036328125000000044
0 0.5661747685185184 0.4246907552083333 0.02611400462962976 0.03538411458333335
0 0.5819372106481482 0.42706705729166666 0.028660300925926013 0.034537760416666674
0 0.6069372106481481 0.43238932291666665 0.023929398148148096 0.031380208333333326
0 0.6238136574074074 0.4269205729166667 0.028804976851851904 0.036979166666666674
0 0.6426793981481481 0.426220703125 0.0262297453703703 0.03733723958333335
0 0.6588686342592592 0.4268717447916667 0.030135995370370445 0.03753255208333339
0 0.16884403935185185 0.46427408854166663 0.03243634259259257 0.043489583333333304
0 0.15232928240740742 0.48554687500000004 0.026837384259259262 0.025683593749999956
0 0.14042968749999998 0.505615234375 0.03634259259259257 0.04368489583333335
0 0.20313223379629627 0.5100260416666667 0.03333333333333336 0.03671875000000013
0 0.22631655092592592 0.5076497395833334 0.02809606481481482 0.03597005208333326
0 0.24643373842592595 0.5132161458333333 0.025289351851851844 0.032421875000000044
0 0.2669632523148148 0.5173014322916667 0.026967592592592588 0.03883463541666665
0 0.2945384837962963 0.5120279947916667 0.032682291666666696 0.03668619791666661
0 0.3483000578703703 0.51396484375 0.030078124999999883 0.03655598958333339
0 0.3997685185185185 0.516259765625 0.0328559027777778 0.03961588541666661
0 0.42683015046296297 0.5141764322916667 0.036226851851851816 0.04173177083333335
0 0.45583767361111116 0.5175944010416667 0.029152199074074108 0.042838541666666785
0 0.4802662037037037 0.5161295572916667 0.028298611111111132 0.03938802083333326
0 0.5567853009259259 0.5174153645833334 0.031467013888888985 0.0380859375
0 0.5982566550925926 0.5241048177083334 0.031553819444444464 0.03955078125
0 0.624754050925926 0.5205891927083334 0.036255787037037024 0.04222005208333335
0 0.6617621527777778 0.5204427083333334 0.03815104166666661 0.04134114583333348
0 0.7558883101851851 0.5203613281249999 0.03427372685185167 0.041634114583333215
0 0.7758825231481481 0.54443359375 0.03365162037037036 0.04208984374999991
0 0.7334924768518519 0.5477701822916667 0.033883101851852025 0.04599609374999991
0 0.7060329861111111 0.5401367187499999 0.03914930555555548 0.047233072916666785
0 0.682349537037037 0.545458984375 0.03563368055555571 0.04267578124999982
0 0.6560329861111112 0.5404459635416667 0.034505208333333336 0.045540364583333215
0 0.6184244791666668 0.5452473958333333 0.03527199074074083 0.04752604166666652
0 0.5849754050925925 0.5401041666666666 0.041304976851851784 0.050748697916666696
0 0.5493778935185185 0.5438313802083333 0.03048321759259265 0.04339192708333339
0 0.5186559606481481 0.5419596354166667 0.03736979166666673 0.05006510416666665
0 0.486986400462963 0.5396484375 0.03249421296296292 0.044466145833333304
0 0.4636791087962963 0.538623046875 0.03396990740740735 0.04746093749999991
0 0.4189453125 0.5376953125 0.03048321759259265 0.04339192708333339
0 0.3859013310185185 0.536669921875 0.035329861111111104 0.04850260416666652
0 0.3410445601851852 0.5432942708333333 0.03045428240740744 0.04290364583333339
0 0.3120659722222222 0.5393880208333334 0.031901041666666664 0.04541015625
0 0.29008969907407406 0.5378092447916667 0.03246527777777778 0.043977864583333304
0 0.26628327546296293 0.5397298177083334 0.033260995370370416 0.04645182291666661
0 0.23208188657407405 0.536328125 0.03300057870370369 0.04205729166666661
0 0.21266637731481483 0.5353515625 0.029745370370370356 0.04189453125000009
0 0.1908709490740741 0.5361979166666666 0.03379629629629625 0.04453124999999991
0 0.09181134259259259 0.5647623697916666 0.040740740740740744 0.05218098958333339
0 0.16418547453703705 0.5867024739583333 0.030541087962962954 0.04436848958333339
0 0.19241898148148148 0.5867513020833333 0.030034722222222216 0.04677734375000009
0 0.25112123842592593 0.5874674479166666 0.03249421296296299 0.044466145833333304
0 0.278515625 0.5907226562500001 0.029832175925925908 0.04335937500000009
0 0.3025173611111111 0.5909830729166666 0.031901041666666664 0.04541015625
0 0.33302951388888885 0.59091796875 0.03308738425925931 0.04352213541666661
0 0.36086516203703706 0.5922037760416667 0.033347800925925895 0.04791666666666661
0 0.39880642361111107 0.5927408854166667 0.03476562500000006 0.049934895833333215
0 0.4262080439814815 0.5903971354166666 0.03433159722222223 0.042610677083333215
0 0.45320457175925927 0.5948893229166666 0.03677662037037047 0.05100911458333335
0 0.48250144675925927 0.5934244791666666 0.036603009259259224 0.04807942708333335
0 0.5362123842592593 0.5907389322916667 0.0382957175925925 0.04378255208333348
0 0.5669487847222222 0.5923665364583333 0.03524305555555548 0.04703776041666652
0 0.6049913194444444 0.5911946614583333 0.036255787037037024 0.04222005208333335
0 0.6641420717592593 0.5952962239583334 0.03784722222222214 0.047167968749999956
0 0.6944227430555555 0.5991373697916667 0.04227430555555559 0.05615234375
0 0.7275535300925927 0.5986979166666666 0.04014756944444464 0.05312500000000009
0 0.7593677662037036 0.5985677083333334 0.04204282407407393 0.05224609375
0 0.7886501736111112 0.5973470052083334 0.037340856481481666 0.049576822916666874
0 0.8262152777777777 0.6370930989583333 0.047453703703703574 0.05592447916666665
0 0.7962167245370372 0.6339680989583334 0.04733796296296274 0.053971354166666874
0 0.7381365740740741 0.6337076822916667 0.04076967592592595 0.05266927083333339
0 0.6695023148148148 0.630810546875 0.0347366898148147 0.049446614583333215
0 0.637478298611111 0.62900390625 0.03615451388888887 0.051464843750000044
0 0.6136357060185186 0.6260579427083333 0.03861400462962964 0.04915364583333348
0 0.5865523726851852 0.6230305989583333 0.03598090277777777 0.048535156250000044
0 0.5581597222222222 0.6256673177083333 0.032103587962962976 0.048828125
0 0.535886863425926 0.6236165364583333 0.0339699074074075 0.04746093749999991
0 0.4728515625 0.6248209635416667 0.032190393518518455 0.05029296875
0 0.4240885416666667 0.6206868489583333 0.038223379629629704 0.05351562500000018
0 0.3991608796296296 0.62509765625 0.032928240740740744 0.051790364583333304
0 0.37256944444444445 0.6247233072916667 0.038541666666666696 0.058886718749999956
0 0.3318431712962963 0.6218912760416666 0.03721064814814815 0.058333333333333126
0 0.2503616898148148 0.6167154947916667 0.04184027777777777 0.048828125
0 0.2227213541666667 0.628564453125 0.032928240740740744 0.051790364583333304
0 0.20015914351851852 0.6204427083333333 0.036038773148148184 0.04951171874999982
0 0.15847800925925926 0.6227701822916667 0.04296875 0.04596354166666661
0 0.1278718171296296 0.6189453125 0.04003182870370373 0.05117187500000009
0 0.05734230324074074 0.6042154947916667 0.04280960648148149 0.054231770833333304
0 0.029195601851851855 0.6465169270833333 0.048755787037037035 0.05598958333333348
0 0.08745659722222222 0.6820638020833334 0.04525462962962964 0.06263020833333321
0 0.11858362268518519 0.6880533854166666 0.03822337962962963 0.05351562500000018
0 0.1507667824074074 0.6871744791666667 0.039496527777777755 0.053092447916666785
0 0.1845486111111111 0.6867024739583334 0.040740740740740744 0.05218098958333339
0 0.22042824074074074 0.6946451822916666 0.04024884259259265 0.06578776041666679
0 0.24582609953703705 0.69873046875 0.03599537037037037 0.05973307291666674
0 0.2794994212962963 0.6946126302083333 0.04312789351851857 0.059602864583333304
0 0.30552662037037037 0.6935546875 0.040162037037037024 0.06432291666666679
0 0.33645109953703706 0.6920084635416667 0.04743923611111104 0.06663411458333335
0 0.3726345486111111 0.69482421875 0.04276620370370369 0.064453125
0 0.40098379629629627 0.692919921875 0.04516782407407405 0.061165364583333215
0 0.4490885416666666 0.6917317708333334 0.047974537037037024 0.06471354166666665
0 0.4935619212962963 0.6861002604166666 0.046701388888888896 0.06513671874999982
0 0.5280888310185184 0.6894856770833333 0.04315682870370363 0.060091145833333304
0 0.567259837962963 0.6911783854166667 0.04581886574074071 0.06119791666666652
0 0.5987630208333333 0.6908203125000001 0.03984374999999988 0.058951822916666785
0 0.6306929976851852 0.6887369791666667 0.045992476851851816 0.06412760416666652
0 0.686306423611111 0.6922851562500001 0.04969618055555536 0.060904947916666785
0 0.7244140624999998 0.6954915364583334 0.05185185185185167 0.0644205729166667
0 0.855982349537037 0.6988932291666667 0.05405092592592572 0.05771484374999991
0 0.8852358217592592 0.7419759114583333 0.0562934027777778 0.06269531249999982
0 0.8447193287037038 0.7410807291666667 0.06043113425925917 0.06679687500000009
0 0.8042100694444444 0.7345865885416667 0.05261863425925917 0.06640625
0 0.7740379050925926 0.7453450520833333 0.05720486111111119 0.06712239583333335
0 0.728392650462963 0.737890625 0.05776909722222238 0.06569010416666665
0 0.7002170138888889 0.736865234375 0.051533564814814824 0.059049479166666696
0 0.6733217592592592 0.7416178385416667 0.050028935185185176 0.05556640625000009
0 0.6434823495370371 0.7358072916666667 0.04972511574074071 0.061393229166666785
0 0.6152922453703703 0.7350260416666667 0.048654513888888896 0.06523437500000018
0 0.5697771990740741 0.736328125 0.04690393518518521 0.06855468750000004
0 0.5363064236111111 0.7370279947916667 0.047526041666666664 0.06809895833333335
0 0.5007595486111112 0.734423828125 0.04531249999999994 0.06360677083333321
0 0.4448857060185185 0.7352701822916667 0.05098379629629631 0.07167968750000009
0 0.408521412037037 0.7409830729166667 0.04305555555555548 0.0693359375
0 0.38582175925925927 0.7406575520833334 0.03951099537037036 0.06429036458333348
0 0.35400752314814815 0.7407877604166666 0.047728587962962976 0.07151692708333313
0 0.29735966435185185 0.7382649739583333 0.04081307870370369 0.06435546875000009
0 0.263353587962963 0.7370442708333333 0.043561921296296324 0.0669270833333333
0 0.19686776620370372 0.7362304687500001 0.040162037037037024 0.06432291666666679
0 0.1652054398148148 0.7392740885416667 0.04081307870370373 0.06435546875000009
0 0.13859953703703706 0.7391438802083333 0.04149305555555557 0.06487630208333339
0 0.10701678240740742 0.7353678385416667 0.044994212962962944 0.058235677083333215
0 0.08036747685185185 0.7359700520833333 0.04489293981481481 0.06748046874999991
0 0.04677372685185185 0.7332682291666667 0.05366030092592592 0.06207682291666661
0 0.007364004629629629 0.8315755208333333 0.014728009259259258 0.07900390625000009
0 0.024754050925925922 0.831005859375 0.043995949074074066 0.0742513020833333
0 0.056640625 0.8296549479166666 0.04878472222222222 0.07838541666666687
0 0.0919632523148148 0.83056640625 0.044849537037037056 0.07770182291666661
0 0.12816840277777777 0.8275390625 0.04510995370370371 0.08209635416666661
0 0.16328125 0.826513671875 0.0595775462962963 0.08525390624999996
0 0.2015625 0.8267903645833333 0.04401041666666661 0.08544921875
0 0.23525752314814816 0.8277832031250001 0.05162037037037037 0.08242187500000009
0 0.27421875 0.8275390625 0.04969618055555558 0.08281249999999996
0 0.3081669560185185 0.829736328125 0.049131944444444464 0.08424479166666665
0 0.34322193287037034 0.8296875 0.04978298611111113 0.08427734374999996
0 0.38221932870370373 0.8343098958333334 0.05377604166666661 0.0859375
0 0.4223958333333333 0.8354654947916667 0.05688657407407405 0.08365885416666674
0 0.4576099537037037 0.8327311197916667 0.053399884259259345 0.07958984375
0 0.4928168402777778 0.835595703125 0.053573495370370296 0.08251953125
0 0.5259765625 0.83466796875 0.048104745370370385 0.07786458333333335
0 0.5587818287037037 0.8342447916666667 0.052662037037037056 0.0780924479166667
0 0.7212818287037037 0.8305013020833334 0.06180555555555559 0.07903645833333339
0 0.7535517939814814 0.8281575520833333 0.06831597222222226 0.07936197916666665
0 0.7889684606481481 0.832958984375 0.06358506944444464 0.0762044270833333
0 0.8271484375 0.8239908854166667 0.07002314814814821 0.08626302083333348
0 0.8697410300925926 0.817236328125 0.03810763888888887 0.051562499999999956
0 0.8965422453703704 0.80859375 0.03197337962962976 0.035677083333333304