0 0.2431785300925926 0.44567599826388893 0.020428240740740716 0.03059895833333326
0 0.2689742476851852 0.44256184895833334 0.020471643518518528 0.03206380208333337
0 0.3077112268518518 0.4419162326388889 0.025159143518518483 0.036534288194444375
0 0.3375578703703704 0.44483506944444445 0.022381365740740716 0.030631510416666674
0 0.36132089120370364 0.4444390190972222 0.02835648148148155 0.034635416666666696
0 0.3889395254629629 0.4456868489583333 0.026996527777777796 0.03266059027777779
0 0.41843171296296294 0.4495876736111111 0.02109375000000006 0.031098090277777768
0 0.4823133680555555 0.44583875868055556 0.02249710648148155 0.034537760416666674
0 0.5271846064814815 0.4467990451388889 0.027039930555555536 0.03412543402777779
0 0.5548683449074074 0.445849609375 0.022482638888888868 0.034049479166666674
0 0.5728298611111111 0.44359809027777775 0.019791666666666725 0.031076388888888973
0 0.5910011574074074 0.44524739583333334 0.020428240740740716 0.03059895833333337
0 0.6142505787037037 0.4512044270833333 0.018388310185185237 0.027636718749999956
0 0.6320529513888888 0.44334309895833335 0.02112268518518512 0.03207465277777777
0 0.6499204282407408 0.44426540798611114 0.017925347222222204 0.03397352430555545
0 0.6664930555555556 0.4449652777777778 0.01989293981481488 0.03449435763888886
0 0.6677662037037037 0.4788628472222222 0.024927662037036964 0.028721788194444486
0 0.6399016203703703 0.47493489583333337 0.02482638888888881 0.025303819444444375
0 0.5939742476851851 0.4766764322916667 0.024117476851851876 0.023339843749999978
0 0.5676142939814816 0.47687174479166666 0.0222511574074075 0.026236979166666674
0 0.5306206597222222 0.47358398437500004 0.022743055555555596 0.02087673611111107
0 0.5077907986111111 0.4754286024305555 0.021629050925925892 0.027202690972222276
0 0.4827546296296297 0.47486979166666665 0.022294560185185237 0.027701822916666674
0 0.4583478009259259 0.47503255208333334 0.024334490740740716 0.030664062499999978
0 0.4098596643518519 0.47535264756944445 0.022294560185185237 0.027701822916666674
0 0.38348524305555554 0.47603624131944444 0.020341435185185237 0.02766927083333337
0 0.36396846064814814 0.4758734809027778 0.019603587962962948 0.024728732638888973
0 0.34922598379629627 0.4792914496527778 0.015885416666666725 0.031011284722222143
0 0.3294560185185185 0.4766927083333333 0.021672453703703704 0.028667534722222276
0 0.3089337384259259 0.47752278645833335 0.022323495370370372 0.028678385416666674
0 0.28546006944444446 0.4791341145833333 0.02168692129629631 0.029155815972222276
0 0.2601634837962963 0.47638346354166666 0.023119212962963005 0.03357204861111107
0 0.24050202546296298 0.4920844184027777 0.021903935185185148 0.036480034722222276
0 0.26297743055555556 0.5022026909722223 0.020500578703703736 0.03304036458333326
0 0.2820240162037037 0.4962727864583334 0.023090277777777796 0.03259548611111107
0 0.30482494212962963 0.49540473090277776 0.026403356481481472 0.03460286458333328
0 0.3308015046296296 0.49716796875 0.023119212962963005 0.03357204861111107
0 0.36275318287037034 0.4949273003472222 0.021860532407407412 0.035015190972222276
0 0.3806206597222222 0.495849609375 0.020457175925925924 0.03157552083333326
0 0.4073423032407408 0.4944281684027778 0.021180555555555536 0.03402777777777777
0 0.4262731481481481 0.49240451388888884 0.021195023148148213 0.03451605902777777
0 0.4685185185185185 0.494140625 0.021209490740740595 0.03500434027777777
0 0.48671875000000003 0.49481336805555554 0.021209490740740744 0.03500434027777777
0 0.5287254050925926 0.49362521701388895 0.023104745370370477 0.03308376736111107
0 0.5456958912037037 0.4918782552083334 0.02128182870370369 0.03744574652777777
0 0.5648365162037038 0.4937554253472222 0.02187499999999994 0.035503472222222165
0 0.5962673611111111 0.49811197916666666 0.026388888888888868 0.03411458333333328
0 0.6418981481481482 0.49539930555555556 0.025086805555555536 0.034092881944444375
0 0.6611255787037037 0.49434678819444444 0.025882523148148096 0.038986545138888884
0 0.7050491898148148 0.49434678819444444 0.0265046296296297 0.03802083333333339
0 0.742918113425926 0.49005533854166666 0.029152199074074108 0.039529079861111094
0 0.7754340277777777 0.5346571180555555 0.03171296296296274 0.03810763888888902
0 0.7490234375 0.5365614149305555 0.02245370370370381 0.033072916666666785
0 0.6807074652777777 0.5362358940972223 0.03028067129629619 0.03369140625
0 0.6439670138888889 0.5353841145833333 0.03169849537037036 0.03761935763888902
0 0.6184606481481482 0.5397135416666667 0.022583912037037024 0.037467447916666785
0 0.5726924189814815 0.536083984375 0.027676504629629672 0.03364800347222241
0 0.4978877314814815 0.5351345486111111 0.021860532407407412 0.035015190972222276
0 0.4714771412037037 0.537038845486111 0.026490162037037024 0.03753255208333339
0 0.44390190972222227 0.534326171875 0.026417824074074076 0.03509114583333339
0 0.4177372685185185 0.5389105902777778 0.02521701388888875 0.038487413194444375
0 0.4090060763888889 0.5590657552083333 0.026663773148148124 0.04339192708333339
0 0.3644241898148148 0.5373589409722221 0.0265046296296297 0.03802083333333339
0 0.3091724537037037 0.5353515625 0.024435763888888868 0.03408203125000009
0 0.283203125 0.5443250868055556 0.0234375 0.04431423611111107
0 0.2621744791666667 0.540283203125 0.022554976851851816 0.03649088541666656
0 0.24046585648148147 0.5372287326388889 0.02268518518518518 0.040885416666666785
0 0.21669560185185185 0.5378689236111112 0.028428819444444493 0.037076822916666696
0 0.2118851273148148 0.44766167534722223 0.021730324074074048 0.030620659722222276
0 0.1962094907407407 0.4715928819444445 0.021715856481481517 0.030132378472222276
0 0.1776837384259259 0.4928873697916667 0.02774884259259262 0.03608940972222219
0 0.16631221064814813 0.514306640625 0.021715856481481482 0.030132378472222276
0 0.1566189236111111 0.5339898003472223 0.029224537037037052 0.04197048611111098
0 0.21046730324074078 0.5613986545138889 0.023958333333333304 0.03993055555555558
0 0.2302951388888889 0.5620442708333333 0.023885995370370356 0.03748914930555558
0 0.25180121527777777 0.5609537760416667 0.022714120370370388 0.041861979166666785
0 0.2854528356481481 0.5672254774305556 0.02463831018518518 0.04091796875000009
0 0.31027199074074074 0.5641276041666666 0.02401620370370372 0.04188368055555558
0 0.33400607638888885 0.5647081163194445 0.023350694444444525 0.04138454861111107
0 0.3599971064814815 0.5659830729166666 0.022164351851851876 0.045269097222222054
0 0.4385706018518518 0.5605251736111111 0.027850115740740772 0.03950737847222219
0 0.4850839120370371 0.5609700520833334 0.028674768518518395 0.045377604166666696
0 0.5082320601851852 0.5593641493055556 0.027893518518518512 0.04097222222222219
0 0.5400318287037037 0.5622504340277779 0.03399884259259256 0.04937065972222232
0 0.5696686921296297 0.5612684461805555 0.028631365740740655 0.043912760416666696
0 0.604275173611111 0.5572753906250001 0.033854166666666664 0.04448784722222232
0 0.6402054398148148 0.5635091145833333 0.02986111111111119 0.04149305555555571
0 0.6790726273148149 0.5584689670138889 0.031915509259259046 0.04494357638888902
0 0.7063151041666668 0.5614312065972222 0.027850115740740478 0.03950737847222219
0 0.7275752314814815 0.5576605902777778 0.02991898148148131 0.04344618055555571
0 0.7572916666666666 0.5649739583333333 0.029817708333333453 0.04002821180555571
0 0.7991319444444445 0.558420138888889 0.031756365740740776 0.03957248263888902
0 0.8181061921296298 0.6098361545138888 0.03433159722222238 0.03863932291666661
0 0.7900101273148148 0.613720703125 0.03916377314814815 0.047992621527777946
0 0.7549045138888889 0.61259765625 0.041044560185185354 0.04558376736111125
0 0.7226345486111111 0.6145996093749999 0.03663194444444429 0.05039062499999991
0 0.6924479166666666 0.6121744791666667 0.036443865740740954 0.04404296874999991
0 0.6340494791666667 0.6065592447916667 0.032320601851851816 0.036653645833333304
0 0.595189525462963 0.6113552517361112 0.03184317129629625 0.04250217013888902
0 0.5649377893518519 0.6111273871527778 0.03185763888888893 0.04299045138888902
0 0.5092809606481482 0.6118109809027779 0.030020254629629612 0.04686414930555571
0 0.4799189814814815 0.6144965277777779 0.030005787037037084 0.04637586805555571
0 0.45014467592592594 0.6091362847222221 0.0265046296296297 0.03802083333333339
0 0.424609375 0.6144422743055555 0.026070601851851727 0.045334201388888884
0 0.3855685763888889 0.6143608940972223 0.02813946759259256 0.04927300347222241
0 0.3585069444444445 0.6162760416666666 0.0281105324074075 0.04829644097222241
0 0.32795862268518516 0.6150770399305556 0.029267939814814792 0.04343532986111098
0 0.30425347222222227 0.6135199652777779 0.02459490740740744 0.03945312500000009
0 0.2762659143518518 0.6137424045138888 0.027285879629629584 0.04242621527777768
0 0.21735387731481481 0.6144802517361111 0.030743634259259228 0.04931640625
0 0.18970630787037038 0.614208984375 0.027271412037037052 0.04193793402777768
0 0.11185619212962962 0.5952528211805556 0.03846932870370371 0.04651692708333344
0 0.08403501157407407 0.6337836371527779 0.03666087962962964 0.05136718749999991
0 0.1581958912037037 0.6454806857638888 0.03993055555555558 0.05190972222222223
0 0.18838975694444446 0.6476616753472222 0.04259259259259259 0.05390624999999982
0 0.22816116898148145 0.6450466579861112 0.03425925925925929 0.05815972222222232
0 0.25429687500000003 0.6524197048611111 0.028153935185185237 0.04976128472222219
0 0.28130787037037036 0.6412326388888889 0.028067129629629612 0.04683159722222241
0 0.3626591435185185 0.6518337673611111 0.030584490740740655 0.06590711805555549
0 0.40470196759259264 0.6494249131944445 0.02893518518518512 0.054166666666666696
0 0.4310040509259259 0.6511827256944445 0.026490162037037024 0.059494357638888884
0 0.45502748842592594 0.6419976128472222 0.029427083333333364 0.04880642361111098
0 0.5018084490740741 0.6443901909722223 0.03472222222222232 0.05182291666666661
0 0.5689453125 0.6405870225694444 0.031423611111111104 0.05030381944444451
0 0.5903428819444444 0.6431586371527778 0.030729166666666696 0.048828125
0 0.6200520833333334 0.6397352430555556 0.03596643518518524 0.049891493055555625
0 0.6450593171296296 0.6412706163194444 0.03138020833333336 0.04883897569444429
0 0.6723017939814815 0.6442328559027778 0.030107060185185237 0.04979383680555549
0 0.7031539351851851 0.6461588541666667 0.030367476851851666 0.05858289930555571
0 0.7698278356481483 0.6469997829861112 0.033434606481481666 0.05228949652777759
0 0.8292751736111111 0.6501573350694444 0.03995949074074071 0.05288628472222223
0 0.862839988425926 0.6483778211805555 0.03790509259259256 0.04943576388888893
0 0.9019603587962962 0.7116590711805555 0.05366030092592607 0.05409071180555536
0 0.7669994212962963 0.7095160590277778 0.049942129629629704 0.06037326388888875
0 0.7280237268518519 0.7072374131944444 0.04201388888888887 0.056336805555555536
0 0.6729383680555556 0.6996148003472222 0.04972511574074071 0.05304904513888897
0 0.6382740162037037 0.7055609809027777 0.03810763888888887 0.05627170138888893
0 0.6080222800925926 0.7053331163194445 0.03735532407407405 0.05284288194444464
0 0.5678891782407408 0.7091742621527778 0.03959780092592583 0.06264105902777772
0 0.5328486689814814 0.7058539496527778 0.036385995370370385 0.06405164930555562
0 0.48919270833333334 0.7078016493055556 0.0426215277777778 0.054882812500000044
0 0.43891059027777785 0.7137641059027777 0.04333043981481488 0.05684678819444455
0 0.40936053240740744 0.7118164062500001 0.032103587962962976 0.05129123263888902
0 0.3745153356481481 0.7128851996527779 0.04535590277777768 0.05932074652777786
0 0.34231047453703706 0.7126898871527778 0.030251736111111132 0.05467664930555571
0 0.3171440972222222 0.7165256076388888 0.03301504629629637 0.060091145833333304
0 0.2824725115740741 0.7227159288194445 0.0310763888888889 0.060546875
0 0.2585358796296296 0.7179904513888888 0.03007812500000003 0.07077907986111098
0 0.22543402777777777 0.7151258680555556 0.03735532407407405 0.05284288194444442
0 0.18662471064814815 0.718212890625 0.036935763888888896 0.06064453124999991
0 0.15203993055555556 0.7104926215277778 0.03593749999999999 0.048914930555555625
0 0.12210648148148147 0.7105034722222223 0.036892361111111084 0.05917968749999991
0 0.06103153935185185 0.6744303385416667 0.04144965277777779 0.05925564236111103
0 0.08773871527777777 0.7613444010416667 0.04291087962962966 0.06464843750000004
0 0.12179542824074074 0.7649251302083333 0.034302662037037024 0.05962456597222232
0 0.15181568287037037 0.7619845920138889 0.03965567129629629 0.06459418402777772
0 0.17969473379629627 0.7654242621527778 0.03631365740740744 0.061610243055555625
0 0.20875289351851853 0.76201171875 0.036935763888888896 0.06064453124999991
0 0.23939525462962963 0.7600368923611112 0.029846643518518512 0.06296657986111098
0 0.30810908564814815 0.7579155815972223 0.032667824074074016 0.07033420138888902
0 0.34279513888888885 0.7622178819444445 0.0304108796296297 0.06004774305555571
0 0.3997468171296297 0.7617567274305556 0.029383680555555475 0.0693033854166667
0 0.4319372106481481 0.7624403211805555 0.030396412037037024 0.05955946180555571
0 0.4582899305555556 0.7624891493055556 0.033159722222222264 0.0649739583333333
0 0.49321469907407406 0.7587348090277778 0.041550925925925984 0.06267361111111103
0 0.547337962962963 0.7549045138888889 0.030410879629629555 0.06004774305555549
0 0.5830150462962963 0.7587022569444444 0.039120370370370416 0.06848958333333321
0 0.6169849537037037 0.7542317708333334 0.033825231481481456 0.06547309027777781
0 0.6625940393518518 0.7522515190972222 0.038440393518518544 0.06750217013888893
0 0.6919343171296296 0.7502983940972222 0.04029224537037024 0.06411675347222223
0 0.7223668981481483 0.7554036458333333 0.044791666666666785 0.06223958333333335
0 0.7504412615740742 0.7522515190972222 0.04525462962962953 0.05590277777777786
0 0.7796875 0.7534722222222222 0.04061053240740738 0.05289713541666674
0 0.8231987847222223 0.7564073350694445 0.04872685185185185 0.06328124999999996
0 0.8541883680555555 0.7536946614583333 0.042939814814814646 0.06562500000000004
0 0.8958695023148149 0.7525119357638889 0.051273148148148096 0.06137152777777777
0 0.9372106481481483 0.7518229166666666 0.05256076388888905 0.060904947916666785
0 0.9534360532407407 0.8191460503472222 0.02951388888888869 0.02977430555555549
0 0.9208912037037037 0.8304253472222223 0.04042245370370375 0.04654947916666652
0 0.8824942129629628 0.8305772569444445 0.05089699074074083 0.07063802083333348
0 0.8492476851851851 0.8435763888888889 0.049320023148148096 0.061338975694444464
0 0.8179904513888889 0.8443413628472223 0.05248842592592595 0.08042534722222205
0 0.7841435185185185 0.8446614583333334 0.04444444444444429 0.07248263888888884
0 0.6158058449074074 0.8489312065972222 0.03813657407407408 0.07921006944444442
0 0.5851634837962963 0.8509060329861111 0.037427662037037145 0.07724609374999991
0 0.550318287037037 0.8519748263888889 0.04837962962962964 0.07352430555555545
0 0.510988136574074 0.8506781684027778 0.047381365740740776 0.08375651041666665
0 0.4792390046296296 0.8570638020833333 0.04482060185185185 0.08517795138888884
0 0.43897569444444445 0.8543185763888889 0.04341724537037036 0.08173828125000004
0 0.39798900462962966 0.8540256076388889 0.04480613425925917 0.08468967013888884
0 0.3615017361111111 0.8556098090277777 0.04091435185185185 0.08511284722222223
0 0.32676504629629627 0.8530164930555556 0.03614004629629627 0.07771267361111112
0 0.2893156828703704 0.8541286892361111 0.04078414351851848 0.08071831597222223
0 0.25611979166666665 0.8544379340277778 0.03352141203703699 0.0771809895833333
0 0.21749131944444444 0.8514214409722223 0.04811921296296299 0.08669704861111116
0 0.18228443287037036 0.8537163628472222 0.04199942129629627 0.07781032986111125
0 0.14704861111111112 0.8569878472222222 0.036776620370370404 0.07723524305555562
0 0.11085792824074074 0.8595431857638889 0.04068287037037036 0.07730034722222223
0 0.07827690972222222 0.8610622829861112 0.03933738425925928 0.07581380208333321
0 0.03797743055555555 0.8595377604166667 0.048466435185185196 0.07645399305555545