0 0.2552565359477124 0.4530955882352941 0.01892483660130721 0.03021446078431378
0 0.28114542483660127 0.4501813725490196 0.018540849673202613 0.03165563725490195
0 0.31964869281045755 0.4496335784313726 0.023080065359477153 0.03575367647058825
0 0.34988235294117653 0.4527487745098039 0.02077124183006533 0.03021446078431378
0 0.37342320261437906 0.45231617647058825 0.026771241830065406 0.03385049019607844
0 0.401233660130719 0.45361519607843137 0.02561764705882356 0.03194607843137254
0 0.4310441176470588 0.4576838235294117 0.019694444444444386 0.030736519607843182
0 0.4946290849673203 0.4541629901960784 0.02084803921568623 0.034082107843137255
0 0.5395947712418301 0.4552598039215686 0.025387254901960848 0.03350490196078426
0 0.5673284313725491 0.45436519607843134 0.020387254901960805 0.03344730392156858
0 0.5852532679738561 0.45231617647058825 0.01838725490196073 0.030387254901960814
0 0.6033709150326797 0.4539901960784314 0.01861764705882359 0.030273284313725446
0 0.6269117647058823 0.4599914215686275 0.017232026143790897 0.02704411764705883
0 0.6445277777777778 0.45211397058823527 0.019694444444444386 0.031714460784313725
0 0.6624542483660131 0.4532683823529412 0.016308823529411764 0.03333088235294113
0 0.6788398692810458 0.45404779411764706 0.018155228758169883 0.03385171568627454
0 0.6820702614379086 0.48788112745098045 0.02369444444444439 0.02812500000000001
0 0.6540294117647059 0.4838688725490196 0.023464052287581676 0.02460171568627456
0 0.6079869281045752 0.4853112745098039 0.023233660130718963 0.022640931372548967
0 0.5817532679738562 0.48548529411764707 0.021078431372548945 0.025757352941176426
0 0.5445179738562091 0.4819644607843137 0.02184803921568627 0.020099264705882303
0 0.5218235294117647 0.48392769607843134 0.020310457516339902 0.026795343137254957
0 0.49666666666666665 0.48320588235294115 0.02077124183006533 0.027083333333333348
0 0.47212581699346406 0.48337990196078434 0.022464052287581637 0.030199754901960807
0 0.42377450980392156 0.4833504901960784 0.02084803921568623 0.02702573529411767
0 0.39750326797385616 0.4841004901960784 0.01861764705882359 0.027140931372549026
0 0.3777320261437908 0.4837536764705882 0.018308823529411693 0.024371323529411737
0 0.36334477124183007 0.4872169117647059 0.014462418300653646 0.030606617647058854
0 0.3433055555555556 0.4845625 0.020078431372549055 0.02806495098039219
0 0.3227254901960784 0.4851397058823529 0.02092483660130721 0.027834558823529365
0 0.2994542483660131 0.48663970588235295 0.020078431372548982 0.028758578431372583
0 0.27391339869281045 0.48392769607843134 0.021156862745098055 0.03302818627450982
0 0.2550261437908497 0.49962622549019603 0.01984803921568627 0.03603799019607845
0 0.27802941176470586 0.5096691176470588 0.018771241830065327 0.03258088235294121
0 0.29699183006535945 0.503984068627451 0.021156862745098055 0.03194240196078435
0 0.31964869281045755 0.5031470588235294 0.024464052287581712 0.03407720588235291
0 0.34580555555555553 0.5049938725490196 0.021387254901960844 0.032924019607843136
0 0.37769281045751635 0.5029166666666667 0.020078431372549055 0.03430882352941178
0 0.3957336601307189 0.5037242647058824 0.0187712418300654 0.031077205882352965
0 0.4221977124183007 0.5025698529411765 0.019540849673202576 0.033615196078431386
0 0.4412385620915033 0.5006078431372549 0.019310457516339863 0.033845588235294155
0 0.48335784313725494 0.5024252450980392 0.019540849673202576 0.03436642156862746
0 0.5016683006535948 0.503031862745098 0.019694444444444386 0.034539215686274494
0 0.5435571895424837 0.5021372549019607 0.021310457516339937 0.032403186274509777
0 0.5604820261437908 0.5003774509803921 0.019155228758169923 0.0368468137254902
0 0.5799068627450981 0.502454656862745 0.020155228758169958 0.03476960784313721
0 0.6116013071895424 0.5067536764705882 0.024926470588235272 0.03332965686274508
0 0.6571454248366013 0.5042438725490196 0.023233660130718963 0.033501225490196074
0 0.6763006535947712 0.5032058823529412 0.02369444444444439 0.0383480392156863
0 0.7200359477124182 0.5035220588235294 0.02438725490196081 0.037252450980392204
0 0.7576944444444446 0.4994252450980392 0.027233660130718818 0.03875000000000001
0 0.7927369281045752 0.5440208333333333 0.029926470588235315 0.03724142156862742
0 0.7663104575163397 0.5458676470588235 0.020924836601307284 0.032624999999999904
0 0.698187908496732 0.5453517156862745 0.028696078431372563 0.03297916666666656
0 0.6611078431372549 0.5442843137254901 0.029772875816993505 0.0367291666666667
0 0.6359885620915032 0.5486139705882352 0.02061764705882352 0.03707843137254896
0 0.5900228758169935 0.5446887254901961 0.02561764705882356 0.03268995098039218
0 0.514937908496732 0.5435343137254902 0.019924836601307245 0.034535539215686306
0 0.48882026143790847 0.5453235294117648 0.024464052287581712 0.03673039215686269
0 0.461047385620915 0.5424375 0.024771241830065332 0.03442034313725495
0 0.43489215686274507 0.5470257352941176 0.023233660130718963 0.03771200980392164
0 0.42723692810457514 0.5670245098039216 0.024080065359477192 0.04274387254901968
0 0.38165522875817 0.5451507352941177 0.024310457516339905 0.03707598039215676
0 0.3263039215686275 0.5431593137254902 0.022540849673202617 0.033438725490196
0 0.3007238562091503 0.5519044117647058 0.02123366013071896 0.043659313725490145
0 0.27933660130718957 0.5478345588235294 0.02046405228758171 0.035866421568627516
0 0.2576029411764706 0.5447757352941176 0.020848039215686304 0.04013602941176475
0 0.23379411764705882 0.5451507352941177 0.02631045751633983 0.03638480392156862
0 0.22409967320261437 0.45490563725490196 0.020310457516339902 0.030026960784313772
0 0.20986764705882355 0.47879901960784316 0.02046405228758171 0.029348039215686295
0 0.19240522875816993 0.5000968137254902 0.026156862745098024 0.035246323529411816
0 0.18194281045751634 0.5214044117647059 0.020001633986928075 0.029395833333333288
0 0.17332516339869283 0.5410281862745098 0.027233660130718967 0.040949754901960844
0 0.22867810457516338 0.5688664215686274 0.021617647058823557 0.03950367647058828
0 0.24879575163398693 0.5694142156862745 0.02169444444444446 0.03679166666666678
0 0.26995098039215687 0.5684914215686275 0.02061764705882352 0.04117647058823537
0 0.3039934640522876 0.5748688725490196 0.022694444444444423 0.04043014705882353
0 0.3288039215686274 0.5718676470588234 0.02154084967320265 0.041351715686274604
0 0.3524983660130719 0.5724742647058824 0.020924836601307135 0.04083333333333328
0 0.37880882352941175 0.5737732843137254 0.02000163398692815 0.04446936274509805
0 0.4569313725490196 0.5687218137254902 0.025771241830065367 0.038868872549019606
0 0.5034362745098039 0.5692426470588235 0.026003267973856214 0.044756127450980454
0 0.5267467320261437 0.5677683823529411 0.025540849673202654 0.04007720588235286
0 0.5586732026143791 0.570828431372549 0.03123366013071897 0.04827450980392167
0 0.5881372549019608 0.5699044117647059 0.02646405228758164 0.04296446078431382
0 0.6226029411764705 0.5659227941176471 0.03169607843137253 0.04330882352941168
0 0.6588382352941177 0.572501225490196 0.028003267973856143 0.0405416666666667
0 0.6977271241830065 0.5675955882352941 0.029619281045751695 0.04388602941176467
0 0.7249983660130718 0.5706544117647059 0.025540849673202654 0.038925245098039296
0 0.7461160130718953 0.5669031862745099 0.027617647058823636 0.04250122549019597
0 0.7761960784313725 0.5742328431372549 0.02777287581699343 0.03915808823529421
0 0.8176617647058824 0.5678259803921568 0.029926470588235315 0.03880759803921574
0 0.8393186274509804 0.6192928921568628 0.0321568627450981 0.03788480392156868
0 0.8113529411764705 0.6231617647058824 0.03669607843137257 0.04700490196078433
0 0.7761960784313725 0.6218333333333333 0.03838888888888903 0.044349264705882296
0 0.7439999999999999 0.6236813725490196 0.034003267973856076 0.049430147058823426
0 0.7137287581699346 0.6211985294117647 0.03392647058823517 0.043079656862745175
0 0.6549150326797385 0.615484068627451 0.030310457516339834 0.03580514705882343
0 0.6164493464052287 0.6201017156862745 0.029540849673202658 0.04157843137254913
0 0.5861372549019608 0.6196973039215685 0.02938725490196085 0.0421556372549019
0 0.5304395424836601 0.6201593137254902 0.027387254901960773 0.04584926470588235
0 0.501359477124183 0.6226997549019607 0.027849673202614333 0.045389705882352915
0 0.4710098039215686 0.6173308823529412 0.02438725490196081 0.03742156862745105
0 0.4457777777777778 0.6225833333333333 0.023771241830065293 0.044465686274509864
0 0.406656862745098 0.6223823529411765 0.025387254901960848 0.04856372549019605
0 0.3799624183006536 0.6242291666666666 0.025540849673202654 0.047410539215686276
0 0.3491127450980392 0.6228137254901961 0.027080065359477157 0.04284926470588224
0 0.3253022875816993 0.6210821078431372 0.022848039215686306 0.03869362745098037
0 0.29726143790849674 0.6213419117647059 0.02538725490196077 0.041637254901960796
0 0.23848692810457517 0.6217757352941176 0.027849673202614406 0.04838970588235303
0 0.21067647058823527 0.6213713235294118 0.025310457516339868 0.041348039215686194
0 0.131859477124183 0.6022401960784314 0.03615686274509803 0.045666666666666744
0 0.10601143790849672 0.6407071078431372 0.034310457516339876 0.05024754901960793
0 0.18078758169934642 0.6527009803921568 0.03708006535947711 0.05069362745098038
0 0.21109967320261439 0.6548357843137255 0.039542483660130724 0.05288848039215677
0 0.2508725490196078 0.6524424019607843 0.03138725490196078 0.057446078431372616
0 0.27741339869281045 0.6599718137254902 0.02538725490196077 0.048964460784313824
0 0.3039542483660131 0.6487745098039216 0.025848039215686274 0.045957107843137335
0 0.3860016339869281 0.6596262254901961 0.027003267973856254 0.06489093137254898
0 0.42789052287581697 0.6575747549019608 0.02631045751633983 0.05351960784313725
0 0.45408496732026143 0.6593933823529411 0.023310457516339866 0.058887254901960784
0 0.47793464052287576 0.6502218137254903 0.026694444444444503 0.048159313725490094
0 0.524593137254902 0.6527328431372549 0.03231045751633991 0.05075735294117645
0 0.5917156862745098 0.6492401960784314 0.028540849673202622 0.04965931372549015
0 0.6133709150326797 0.6518958333333333 0.028003267973856143 0.04804411764705874
0 0.6428366013071894 0.6486053921568627 0.033388888888888836 0.04908210784313716
0 0.667954248366013 0.6501642156862745 0.02915686274509799 0.04804411764705874
0 0.6954183006535947 0.6531078431372549 0.02731045751633972 0.049084558823529356
0 0.7262679738562091 0.6553014705882353 0.027156862745097914 0.057627450980392236
0 0.7931601307189543 0.6563394607843137 0.030772875816993544 0.05139460784313732
0 0.8528578431372549 0.6597732843137255 0.03708006535947709 0.05168504901960791
0 0.8862075163398693 0.6581274509803922 0.03546568627450982 0.048392156862745006
0 0.928673202614379 0.721514705882353 0.05069771241830079 0.05261519607843135
0 0.793467320261438 0.7187745098039215 0.04708169934640516 0.05890686274509793
0 0.7543480392156862 0.7164950980392157 0.03900326797385626 0.055384803921568526
0 0.6989575163398692 0.7086164215686275 0.046851307189542446 0.051743872549019576
0 0.6644150326797384 0.7144166666666667 0.035465686274509745 0.05538357843137254
0 0.634297385620915 0.714156862745098 0.03431045751633984 0.051747549019607764
0 0.5944084967320261 0.7178811274509803 0.036235294117647 0.061618872549019654
0 0.5589035947712419 0.714389705882353 0.033080065359477086 0.06329044117647054
0 0.515437908496732 0.716061274509804 0.039849673202614344 0.053479166666666744
0 0.4655098039215686 0.721890931372549 0.040158496732026094 0.055444852941176404
0 0.4358137254901961 0.7197549019607843 0.0296960784313726 0.05048039215686284
0 0.4008872549019607 0.7207941176470588 0.042465686274509785 0.05809926470588245
0 0.36873039215686276 0.7204767156862745 0.027080065359477157 0.05365563725490197
0 0.34361274509803924 0.7241605392156862 0.029926470588235315 0.05894607843137245
0 0.30930065359477127 0.73025 0.02777287581699343 0.05969975490196089
0 0.2851830065359477 0.7254313725490197 0.026617647058823524 0.06979779411764708
0 0.2517565359477124 0.7224289215686275 0.034542483660130685 0.052019607843137194
0 0.21336764705882352 0.7253443627450981 0.03346568627450982 0.05958210784313733
0 0.17817156862745098 0.7176666666666667 0.03323366013071897 0.04768872549019609
0 0.14832352941176472 0.7174950980392157 0.03400326797385622 0.05807843137254909
0 0.08531699346405229 0.681234068627451 0.03861928104575163 0.05791053921568623
0 0.11647385620915034 0.7681593137254902 0.039542483660130724 0.06351102941176467
0 0.15093954248366012 0.7719963235294117 0.03138725490196078 0.058721813725490124
0 0.1806732026143791 0.7690821078431372 0.03638888888888888 0.06362622549019603
0 0.2087140522875817 0.772718137254902 0.03292647058823528 0.06051102941176478
0 0.23760130718954245 0.7693112745098039 0.03346568627450982 0.05958455882352931
0 0.26833496732026146 0.7674068627450981 0.026617647058823524 0.06200735294117643
0 0.33695751633986926 0.765531862745098 0.029080065359477086 0.06968137254901952
0 0.3719624183006536 0.7700330882352941 0.027540849673202583 0.05929534313725493
0 0.42885294117647055 0.7696593137254902 0.02592647058823531 0.06858823529411762
0 0.4609705882352941 0.7704938725490196 0.027387254901960773 0.058834558823529504
0 0.48728104575163395 0.7707549019607842 0.0296960784313726 0.06385539215686276
0 0.5221307189542483 0.7670894607843137 0.03846568627450978 0.06171813725490205
0 0.5760604575163398 0.7633664215686274 0.027233660130718967 0.059465686274509766
0 0.612140522875817 0.7672928921568627 0.03523366013071897 0.0673161764705883
0 0.6459509803921568 0.7630502450980392 0.03038725490196074 0.06471691176470595
0 0.6912647058823529 0.7612316176470588 0.03469607843137249 0.06627450980392147
0 0.7206519607843137 0.7594142156862744 0.03669607843137257 0.06298406862745098
0 0.7513088235294118 0.7646078431372548 0.04123529411764704 0.06090931372549013
0 0.7791192810457517 0.7614325980392157 0.042388888888888886 0.05455882352941166
0 0.8086225490196078 0.7628174019607843 0.038158496732026016 0.05178921568627448
0 0.8523186274509803 0.765906862745098 0.045235294117647186 0.06177573529411773
0 0.8832843137254902 0.7633100490196078 0.03977287581699359 0.06419730392156864
0 0.9248660130718954 0.7623272058823529 0.0481584967320261 0.06015563725490192
0 0.9662549019607841 0.7616924019607842 0.049235294117647044 0.05957843137254892
0 0.9860506535947713 0.8292561274509803 0.027898692810457426 0.02888235294117636
0 0.9537908496732026 0.840281862745098 0.037696078431372605 0.04539460784313731
0 0.9155571895424837 0.840343137254902 0.04708169934640516 0.06905759803921563
0 0.8830915032679739 0.8530968137254903 0.04585130718954241 0.059944852941176574
0 0.8517810457516339 0.8538725490196079 0.04831209150326791 0.07880514705882358
0 0.8179313725490195 0.8541311274509804 0.04061928104575152 0.071360294117647
0 0.6495669934640523 0.8576519607843137 0.033926470588235315 0.07840318627450982
0 0.619218954248366 0.8596139705882353 0.0336960784313726 0.07609558823529405
0 0.5843676470588235 0.8605367647058823 0.044774509803921614 0.07240318627450981
0 0.5448251633986928 0.8591825980392157 0.042772875816993405 0.08250245098039222
0 0.5132843137254902 0.8653872549019608 0.040619281045751666 0.0841789215686275
0 0.4728186274509804 0.8624424019607843 0.0390816993464053 0.08071323529411756
0 0.4320065359477124 0.8619803921568627 0.04054248366013077 0.08325245098039225
0 0.3953480392156863 0.8635674019607843 0.036465686274509856 0.08400367647058826
0 0.36053758169934635 0.8607095588235294 0.032387254901960816 0.0765563725490197
0 0.32303431372549013 0.8616629901960784 0.036772875816993435 0.07950122549019611
0 0.2900686274509804 0.8618933823529412 0.02946405228758168 0.07650000000000001
0 0.25117973856209147 0.8588639705882353 0.04354248366013073 0.08532843137254909
0 0.21602287581699345 0.8610563725490197 0.03784967320261434 0.07655759803921569
0 0.18101960784313723 0.8640575980392157 0.03292647058823528 0.07632843137254897
0 0.14474509803921567 0.8664816176470588 0.03654248366013072 0.07632965686274518
0 0.11224183006535947 0.8678370098039215 0.035233660130718936 0.07454044117647052
0 0.07200816993464053 0.8661348039215686 0.04477450980392158 0.07494362745098049