0 0.27382330246913583 0.47202329282407407 0.02367862654320992 0.03149594907407405
0 0.29898485725308643 0.46766673900462963 0.023750964506172867 0.03296079282407405
0 0.3372516396604938 0.4651638454861111 0.02917631172839504 0.037413194444444464
0 0.36789882330246915 0.46648039641203703 0.02563175154320992 0.031517650462962954
0 0.3912398726851852 0.46478768807870374 0.03235918209876543 0.03598451967592586
0 0.41888503086419754 0.4646068431712963 0.030960648148148213 0.03401692708333337
0 0.449266975308642 0.46714048032407407 0.025004822530864185 0.03199869791666665
0 0.5117066936728395 0.46002604166666666 0.026475694444444347 0.035431134259259256
0 0.5565441743827161 0.4588161892361111 0.03103298611111116 0.03548177083333337
0 0.5840808256172839 0.4564380787037037 0.025800540123456745 0.034935619212963065
0 0.6015022183641975 0.4534595630787037 0.02367862654320992 0.03149594907407405
0 0.6197554976851852 0.454150390625 0.02367862654320992 0.03149594907407405
0 0.6440610532407408 0.45881257233796297 0.021556712962963093 0.02805627893518514
0 0.6602165316358025 0.4499638310185185 0.025053047839506053 0.03297526041666665
0 0.6781201774691358 0.4501627604166667 0.021870177469135815 0.03440393518518525
0 0.6947096836419754 0.45010308159722223 0.023847415123456745 0.03491391782407405
0 0.7035228587962963 0.4836299189814815 0.028163580246913494 0.030081741898148162
0 0.6750940393518517 0.4811179832175926 0.027319637345679066 0.02616825810185186
0 0.6294126157407408 0.4850025318287037 0.02722318672839504 0.02421513310185186
0 0.603467399691358 0.48666630497685187 0.025414737654320934 0.027123119212962954
0 0.5659722222222222 0.48502965856481484 0.02514949845679008 0.021752025462962954
0 0.5436921296296297 0.4884422019675926 0.02481192129629628 0.028092447916666652
0 0.5186631944444445 0.4888961226851852 0.025487075617284027 0.028587962962962954
0 0.4943455825617284 0.49057798032407407 0.027608989197530853 0.03202763310185186
0 0.44631317515432095 0.49297236689814816 0.025487075617284027 0.028587962962962843
0 0.4204041280864197 0.4953685619212963 0.02288290895061736 0.028559027777777857
0 0.4005835262345679 0.49588035300925926 0.022087191358024654 0.025622106481481444
0 0.3868031442901234 0.5001193576388889 0.01977237654320992 0.031452546296296235
0 0.3665605709876543 0.4986744068287037 0.024884259259259228 0.029557291666666652
0 0.3461492091049383 0.5003996672453703 0.025535300925925892 0.029564525462963065
0 0.32318190586419754 0.5030725549768519 0.024908371913580307 0.030045572916666652
0 0.29741753472222227 0.5018102575231481 0.02642746913580248 0.034454571759259256
0 0.28132233796296297 0.5184678819444444 0.025921103395061706 0.037377025462963065
0 0.3058328510802469 0.5272804542824074 0.02445023148148155 0.03394458912037024
0 0.32372444058641975 0.5206470630787037 0.026379243827160465 0.033478009259259256
0 0.3460648148148148 0.5184552228009259 0.030406057098765427 0.03596281828703707
0 0.37244405864197533 0.518992332175926 0.027078510802469147 0.03446180555555545
0 0.40381462191358025 0.5151927806712964 0.02584876543209876 0.035912181712963065
0 0.42169415509259256 0.5149034288194445 0.023726851851851787 0.03247251157407405
0 0.4479166666666667 0.5122667100694445 0.02514949845679008 0.03492838541666665
0 0.4663146219135803 0.5092990451388889 0.02517361111111101 0.03541666666666665
0 0.5085841049382717 0.5087926793981482 0.025197723765432094 0.03590494791666665
0 0.5267891589506173 0.5085069444444444 0.025197723765432094 0.03590494791666665
0 0.5682749807098766 0.5053077980324074 0.02640335648148155 0.033966290509259256
0 0.5847318672839507 0.502562572337963 0.025318287037037052 0.03834635416666665
0 0.6043113425925926 0.5037561487268518 0.025872878086419842 0.036400462962963065
0 0.6366464120370371 0.5063114872685185 0.030357831790123413 0.03498625578703707
0 0.6812909915123457 0.501195384837963 0.02905574845679008 0.034971788194444464
0 0.7003882137345679 0.49921151620370374 0.029947916666666668 0.039861834490740655
0 0.7438753858024691 0.49701063368055554 0.030550733024691468 0.03889250578703707
0 0.7803457754629631 0.4910716869212963 0.03390239197530853 0.04088179976851847
0 0.8227840470679012 0.5335123697916666 0.035783179012345734 0.03943865740740726
0 0.7965977044753086 0.5368815104166667 0.02640335648148155 0.033966290509259256
0 0.7290822723765432 0.5400354456018519 0.03426408179012341 0.03502965856481488
0 0.692045235339506 0.541087962962963 0.0357590663580248 0.03895037615740726
0 0.6679205246913581 0.5466760706018519 0.02662037037037024 0.038360821759259256
0 0.6213228202160493 0.5451822916666667 0.030984760802469147 0.03450520833333326
0 0.5466459297839507 0.5482566550925927 0.02584876543209876 0.035912181712963065
0 0.5210985725308642 0.5513888888888889 0.030526620370370388 0.038404224537036846
0 0.4930555555555555 0.5501012731481482 0.030430169753086506 0.03645109953703707
0 0.4679663387345679 0.5559226707175926 0.029272762345679066 0.039366319444444464
0 0.4634452160493827 0.5763689959490741 0.03081597222222217 0.04426359953703707
0 0.41466531635802467 0.5570384837962963 0.030550733024691468 0.03889250578703707
0 0.35941116898148145 0.5581325954861112 0.027753665123456745 0.03495732060185186
0 0.33550347222222227 0.568115234375 0.02826003086419752 0.04521122685185186
0 0.31356095679012347 0.565187355324074 0.026572145061728374 0.037384259259259256
0 0.2913532021604938 0.5634765625 0.027440200617283955 0.04178602430555545
0 0.2676866319444444 0.5651656539351853 0.032479745370370385 0.03842592592592586
0 0.24341724537037038 0.47558955439814815 0.024980709876543255 0.03151041666666665
0 0.23324170524691357 0.500121166087963 0.02560763888888884 0.031029369212962843
0 0.21937692901234565 0.5224157262731481 0.031756365740740776 0.03695384837962967
0 0.21231192129629628 0.5440538194444444 0.02495659722222217 0.031022135416666652
0 0.20712770061728394 0.5642487702546296 0.03399884259259256 0.04283492476851847
0 0.26658950617283955 0.5890661168981481 0.02804301697530868 0.04081669560185186
0 0.28672357253086417 0.5883138020833333 0.02792245370370372 0.03837528935185186
0 0.3074483989197531 0.5863480179398148 0.027488425925925892 0.04276258680555545
0 0.34248408564814814 0.5908854166666666 0.02941743827160496 0.042296006944444464
0 0.36666907793209874 0.5865180121527778 0.02813946759259256 0.04276982060185186
0 0.39005835262345673 0.5858018663194444 0.02746431327160496 0.04227430555555545
0 0.41640142746913583 0.5856065538194444 0.027633101851851787 0.04569227430555545
0 0.49338107638888884 0.5764576099537038 0.03194926697530853 0.04086009837962967
0 0.5394844714506173 0.5745298032407408 0.0335407021604938 0.046733940972222276
0 0.5624397183641975 0.5716127748842592 0.03199749228395069 0.04183666087962967
0 0.5947145061728395 0.572947410300926 0.03894193672839504 0.05069806134259247
0 0.6238787615740741 0.5705873842592593 0.03344425154320992 0.044780815972222276
0 0.6574194637345679 0.5646158854166667 0.03870081018518512 0.04581524884259247
0 0.6944082754629629 0.5691749855324074 0.034625771604938294 0.04235387731481488
0 0.7321325231481483 0.5622739438657407 0.03677179783950635 0.046281828703703676
0 0.759862075617284 0.5638020833333333 0.03194926697530853 0.04086009837962967
0 0.7801167052469135 0.5589029947916666 0.03472222222222202 0.04430700231481488
0 0.811306423611111 0.5646176938657408 0.03392650462962976 0.04137008101851869
0 0.851224922839506 0.5560329861111111 0.0365065586419752 0.040910734953703676
0 0.8813536844135802 0.6061451099537036 0.038435570987654565 0.04044415509259247
0 0.8542872299382717 0.6114565248842593 0.044753086419753174 0.0497866030092593
0 0.8191792052469135 0.6120424623842593 0.045934606481481545 0.047359664351851904
0 0.7874710648148149 0.6155942563657407 0.04224537037037024 0.05171079282407409
0 0.7568479938271605 0.6147659866898147 0.04128086419753085 0.04535590277777768
0 0.6975188078703703 0.6123987268518518 0.03636188271604931 0.037981047453703676
0 0.6601080246913581 0.6190592447916666 0.03665123456790124 0.043840422453703676
0 0.6299069251543209 0.620187717013889 0.03602430555555566 0.04432146990740726
0 0.5747733410493827 0.6237232349537036 0.03489101080246915 0.04772497106481488
0 0.5463445216049383 0.6277994791666667 0.03551793981481488 0.04724392361111107
0 0.5152633101851852 0.6242820457175926 0.0305748456790124 0.03938078703703707
0 0.491186824845679 0.6308467158564814 0.0309124228395062 0.04621672453703707
0 0.4522328317901234 0.6326099537037038 0.033709490740740776 0.050151909722222054
0 0.42604648919753085 0.6359790943287037 0.03366126543209876 0.049175347222222276
0 0.39515817901234573 0.6363679108796296 0.03409529320987659 0.04478804976851847
0 0.37138310185185186 0.6358597366898148 0.029320987654320934 0.040342881944444464
0 0.34348476080246915 0.637501808449074 0.03206983024691349 0.04330150462962967
0 0.28510802469135804 0.6412452980324074 0.035662615740740776 0.05017361111111107
0 0.2575110918209877 0.6424027054398148 0.03206983024691364 0.04330150462962967
0 0.17609471450617287 0.6275896990740741 0.04337866512345675 0.048307291666666696
0 0.15691309799382716 0.6673936631944445 0.04229359567901233 0.05268735532407409
0 0.23310908564814814 0.675316478587963 0.045572916666666664 0.05321180555555549
0 0.26338252314814814 0.6756528501157407 0.048297646604938294 0.0556821469907407
0 0.3025294174382716 0.6712076822916666 0.0406780478395062 0.0595015914351853
0 0.33015046296296297 0.6771267361111111 0.033733603395061706 0.050640190972222054
0 0.35458863811728397 0.6647099247685185 0.03358892746913581 0.047710503472222276
0 0.4378616898148149 0.6710033275462963 0.0377845293209876 0.06678964120370368
0 0.4792872299382716 0.6665834780092592 0.03527681327160496 0.05553747106481488
0 0.5053409529320988 0.6671169704861111 0.032913773148148216 0.06039134837962967
0 0.5275969328703703 0.6566279658564815 0.03436053240740744 0.05015914351851869
0 0.5744478202160493 0.6566605179398148 0.040364583333333336 0.0531539351851853
0 0.6404562114197531 0.649341724537037 0.037037037037037056 0.0516529224537039
0 0.6623263888888888 0.6508047598379629 0.035662615740740776 0.05017361111111107
0 0.6910445601851851 0.6459997106481481 0.041594328703703574 0.05170355902777768
0 0.7164351851851851 0.6462818287037038 0.03696469907407381 0.0501880787037039
0 0.7441526813271605 0.6475658275462963 0.03571084104938264 0.05115017361111107
0 0.7750892168209876 0.6481535734953703 0.03677179783950635 0.05945818865740726
0 0.8416521990740741 0.6454770688657407 0.03908661265432093 0.05362774884259269
0 0.9015239197530865 0.645654296875 0.04562114197530853 0.05418836805555549
0 0.9342206790123457 0.642357494212963 0.043499228395061706 0.050748697916666696
0 0.9786542727623457 0.7032136140046297 0.04269145447530853 0.056293402777777946
0 0.8522135416666666 0.7078161168981482 0.05707465277777768 0.062123842592592515
0 0.8131630979938271 0.7076262297453704 0.04841820987654325 0.0581235532407407
0 0.7566430362654321 0.7028501157407407 0.05543499228395069 0.05527343749999991
0 0.7235122492283951 0.7105342158564815 0.04451195987654325 0.05808015046296289
0 0.6933232060185185 0.7119068287037037 0.04301697530864187 0.05415943287037028
0 0.6545741705246914 0.7178204571759259 0.046127507716049454 0.06444227430555549
0 0.6187065972222222 0.7162018952546296 0.043595679012345734 0.06587818287037028
0 0.5756293402777778 0.7201153790509259 0.048972800925925895 0.05617766203703711
0 0.5272593557098766 0.7288501880787037 0.04906925154320992 0.05813078703703711
0 0.4972993827160494 0.728273292824074 0.037736304012345734 0.05263671875000009
0 0.46295090663580246 0.7310637297453704 0.05181809413580248 0.06108940972222232
0 0.43082079475308643 0.7326587818287037 0.03592785493827163 0.05554470486111107
0 0.40634645061728397 0.7377549913194444 0.03944830246913581 0.06095196759259269
0 0.37355324074074076 0.7456868489583334 0.03754340277777768 0.061906828703703676
0 0.34864486882716045 0.7419939959490741 0.03802565586419752 0.07167245370370368
0 0.3150800540123457 0.7408890335648148 0.043041087962962944 0.054647714120370505
0 0.27725935570987653 0.7458369502314814 0.043402777777777755 0.061971932870370505
0 0.241186824845679 0.7400679976851852 0.040870949074074105 0.05023148148148149
0 0.2113353587962963 0.7416883680555555 0.043330439814814804 0.060507089120370505
0 0.1430242091049383 0.7089644820601853 0.047887731481481476 0.06055772569444429
0 0.18821132330246915 0.7938928674768518 0.050130208333333336 0.0664388020833333
0 0.22311439043209877 0.7957447193287037 0.04140142746913581 0.06097366898148149
0 0.2521701388888889 0.791187427662037 0.046875 0.0664026331018519
0 0.28058690200617287 0.793455222800926 0.04279996141975303 0.06294126157407409
0 0.30864197530864196 0.7883987991898148 0.043402777777777755 0.06197193287037028
0 0.3387225115740741 0.7848289207175926 0.03698881172839504 0.06385271990740748
0 0.40676842206790126 0.7792408130787037 0.04062982253086419 0.07170138888888888
0 0.44235869984567905 0.7818323206018518 0.03751929012345675 0.061418547453703676
0 0.4987943672839506 0.7783112702546295 0.03730227623456791 0.07020037615740726
0 0.5306351273148148 0.7774450231481482 0.03684413580246915 0.06092303240740726
0 0.5569299768518519 0.7762731481481482 0.0403404706790124 0.06584201388888888
0 0.5908203125 0.7707935474537038 0.04873167438271597 0.06447120949074092
0 0.6438440393518519 0.7640625000000001 0.03686824845679008 0.06141131365740726
0 0.6803867669753086 0.7661765769675926 0.04639274691358016 0.06981336805555571
0 0.7132643711419754 0.7599537037037036 0.04103973765432093 0.0668258101851853
0 0.7579571759259259 0.7558141637731481 0.04569347993827163 0.0688295717592593
0 0.7867356288580248 0.7522298177083333 0.04682677469135813 0.0654260706018519
0 0.8181423611111112 0.7557508680555556 0.051311728395061706 0.06401186342592591
0 0.8452449845679012 0.751171875 0.05164930555555566 0.05767144097222232
0 0.8745177469135802 0.7510091145833333 0.0469473379629631 0.054691116898148096
0 0.9184751157407408 0.7517415364583333 0.055266203703703574 0.06503182870370372
0 0.9488450038580246 0.7474428530092593 0.050154320987654266 0.0669270833333333
0 0.9805531442901234 0.7442400896990741 0.038893711419753174 0.06359592013888893
0 0.9822108892746915 0.8223614728009259 0.035578221450617065 0.07238498263888893
0 0.9633487654320988 0.8369104456018519 0.05582079475308651 0.06308593749999991
0 0.932568962191358 0.8394965277777777 0.06131847993827163 0.08217954282407414
0 0.8988353587962963 0.8415617766203705 0.05246913580246915 0.07427300347222232
0 0.7322289737654323 0.8541069878472223 0.0469473379629631 0.08104383680555571
0 0.7024739583333334 0.8576804832175926 0.04617573302469147 0.0785951967592593
0 0.6681375385802468 0.8607150607638889 0.056447723765431945 0.07578124999999991
0 0.6284842785493828 0.8614945023148148 0.05627893518518512 0.08553964120370372
0 0.5982831790123457 0.869211154513889 0.054398148148148216 0.0869827835648147
0 0.5575810185185185 0.8685149016203704 0.05227623456790124 0.08354311342592591
0 0.5169994212962963 0.8702600549768518 0.05434992283950605 0.0860062210648147
0 0.48107156635802467 0.8740089699074074 0.05046778549382728 0.08645109953703711
0 0.44587914737654327 0.8728859230324074 0.04489776234567907 0.0790690104166667
0 0.4089385609567901 0.8758915653935185 0.04959972993827163 0.0820493344907407
0 0.3761815200617284 0.8779676649305556 0.04226948302469147 0.07855179398148149
0 0.33709490740740744 0.8770453559027778 0.05772569444444434 0.08848379629629632
0 0.3024811921296296 0.8810528790509259 0.05075713734567907 0.0791341145833333
0 0.2682412229938272 0.8860405815972222 0.04552469135802473 0.07858796296296289
0 0.23267505787037038 0.8905255353009259 0.049455054012345734 0.0791196469907407
0 0.2006172839506173 0.8935854311342593 0.047405478395061706 0.0771448206018519
0 0.16030092592592593 0.8941134982638889 0.05721932870370372 0.07822989004629632