0 0.2440755208333333 0.3840874565972222 0.019198495370370328 0.02783203125
0 0.2643012152777778 0.3853804976851852 0.02146990740740747 0.03325737847222221
0 0.2786675347222222 0.3865107783564815 0.019227430555555536 0.0283203125
0 0.29552228009259257 0.38576027199074076 0.021296296296296296 0.03032769097222221
0 0.3159722222222222 0.38535337094907407 0.021498842592592604 0.03374565972222221
0 0.3322771990740741 0.38629376446759256 0.020196759259259272 0.0337094907407407
0 0.35978009259259264 0.3897388599537037 0.01948784722222226 0.03271484375
0 0.3753616898148149 0.3894404658564815 0.018865740740740655 0.0331850405092593
0 0.39981915509259264 0.3908510561342593 0.023929398148148096 0.03088831018518512
0 0.4290653935185185 0.3962944878472222 0.020558449074074076 0.0288447627314814
0 0.44741753472222223 0.39339192708333337 0.020789930555555596 0.0327510127314814
0 0.4645905671296296 0.39801251446759256 0.01818576388888893 0.0326786747685186
0 0.4796513310185186 0.39989330150462965 0.015292245370370475 0.02772352430555558
0 0.49430700231481484 0.39493815104166663 0.01679687499999997 0.03117766203703698
0 0.5075593171296297 0.3992060908564815 0.014583333333333393 0.02672887731481488
0 0.5246961805555556 0.3977322048611111 0.019372106481481428 0.03076171875
0 0.5477213541666667 0.39690936053240744 0.02090567129629643 0.0347041377314814
0 0.5644386574074074 0.3993236400462963 0.021383101851851844 0.03179253472222221
0 0.5807291666666666 0.4000198929398148 0.016087962962963036 0.03018301504629628
0 0.5957175925925926 0.40067997685185186 0.021412037037037052 0.03228081597222221
0 0.613013599537037 0.4018916377314815 0.019429976851851844 0.03173828125
0 0.6328559027777777 0.40219907407407407 0.02028356481481482 0.0351743344907407
0 0.6502821180555556 0.4056080005787037 0.02073206018518518 0.0317744502314814
0 0.6713975694444444 0.4054633246527778 0.020674189814814763 0.03079788773148151
0 0.6924406828703704 0.40409794560185186 0.01824363425925905 0.03365523726851849
0 0.7105758101851851 0.4085015190972222 0.020616319444444642 0.0298213252314814
0 0.7260706018518519 0.40673828125 0.01877893518518518 0.0317201967592593
0 0.7426142939814815 0.4062228732638889 0.019429976851851844 0.03173828125
0 0.7589337384259259 0.40740740740740744 0.017476851851851844 0.03168402777777768
0 0.23485966435185182 0.40406177662037035 0.03423032407407408 0.02922453703703698
0 0.22110098379629628 0.42415364583333337 0.027980324074074137 0.03343822337962954
0 0.2898220486111111 0.4102195457175926 0.02086226851851854 0.02300347222222221
0 0.3092230902777778 0.41953305844907407 0.017418981481481428 0.03070746527777779
0 0.3293185763888889 0.41862883391203703 0.020138888888888856 0.0327329282407407
0 0.35259693287037036 0.4165943287037037 0.016753472222222232 0.01947699652777779
0 0.3669921875 0.418212890625 0.014207175925925833 0.02038122106481477
0 0.3858000578703704 0.4175166377314815 0.01796874999999994 0.0180483217592593
0 0.408326099537037 0.4247233072916667 0.017447916666666636 0.03119574652777779
0 0.42675057870370375 0.4230414496527778 0.017954282407407412 0.02877242476851849
0 0.4430989583333333 0.4247142650462963 0.01701388888888881 0.02387152777777779
0 0.45844907407407404 0.42050962094907407 0.016666666666666607 0.01801215277777779
0 0.47414641203703706 0.42216435185185186 0.017288773148148213 0.01754195601851849
0 0.4925853587962963 0.42072663483796297 0.0193576388888889 0.0195493344907407
0 0.5121455439814815 0.4217574508101852 0.019835069444444464 0.01663773148148151
0 0.5282190393518519 0.42975983796296297 0.01540798611111116 0.02967664930555558
0 0.5459129050925926 0.43220124421296297 0.017896412037036995 0.02779586226851849
0 0.5620515046296296 0.42484989872685186 0.017433449074074108 0.01998336226851849
0 0.5840928819444445 0.4293619791666667 0.01914062500000006 0.02685546875
0 0.6060402199074074 0.42680302372685186 0.020659722222222232 0.01958550347222221
0 0.6315031828703703 0.4287290219907407 0.02518807870370369 0.01922381365740744
0 0.654810474537037 0.43815104166666663 0.01854745370370366 0.0278139467592593
0 0.6705295138888889 0.4346878616898148 0.015625 0.02237051504629628
0 0.7020833333333334 0.44068287037037035 0.017954282407407263 0.0287724247685186
0 0.7198640046296297 0.4336208767361111 0.01896701388888881 0.02392578125
0 0.7424840856481482 0.4369303385416667 0.026128472222222143 0.02412471064814814
0 0.7610894097222222 0.43281611689814814 0.018981481481481488 0.0132016782407407
0 0.7804108796296297 0.435302734375 0.021484375 0.02253327546296302
0 0.7920862268518518 0.45683232060185186 0.021947337962963036 0.03034577546296302
0 0.7740885416666666 0.4602322048611111 0.024609375000000117 0.03139467592592593
0 0.7534939236111112 0.4581976996527778 0.02676504629629643 0.03486689814814814
0 0.7246744791666666 0.45447229456018523 0.025260416666666785 0.03141276041666674
0 0.6927589699074074 0.45334201388888884 0.022120949074073987 0.03327546296296302
0 0.6733723958333333 0.4552408854166667 0.024696180555555596 0.03285951967592593
0 0.6485315393518518 0.4528446903935185 0.023365162037036907 0.03233506944444442
0 0.6309244791666667 0.4518681278935185 0.02144097222222226 0.03276909722222232
0 0.6139539930555555 0.4506655092592593 0.02339409722222226 0.03282335069444442
0 0.5996021412037037 0.44977936921296297 0.018750000000000117 0.0312319155092593
0 0.5829137731481482 0.44785337094907407 0.0203703703703703 0.0366391782407407
0 0.5626736111111111 0.4463161892361111 0.023596643518518572 0.03624131944444442
0 0.5416449652777778 0.44792570891203703 0.023538773148148156 0.03526475694444442
0 0.5125434027777778 0.44492368344907407 0.02282986111111107 0.03427010995370372
0 0.4958116319444444 0.4422652633101852 0.02167245370370363 0.03667534722222221
0 0.47732928240740735 0.44297055844907407 0.022945601851851904 0.03622323495370372
0 0.4616174768518519 0.4410716869212963 0.019603587962962948 0.03466796875
0 0.4443938078703704 0.4410807291666667 0.024725115740740655 0.03334780092592593
0 0.4191189236111111 0.4423285590277778 0.020225694444444404 0.0341977719907407
0 0.39399594907407404 0.4406557436342593 0.022294560185185237 0.03620515046296302
0 0.3705584490740741 0.4400047019675926 0.021556712962962948 0.03472222222222221
0 0.35434027777777777 0.44052915219907407 0.020934606481481488 0.03519241898148151
0 0.3391203703703704 0.43596281828703703 0.01948784722222226 0.03271484375
0 0.3236689814814815 0.43845847800925924 0.019661458333333364 0.03564453125
0 0.3027199074074074 0.4359266493055556 0.023596643518518572 0.03624131944444442
0 0.2809389467592593 0.4358091001157407 0.022207754629629612 0.03474030671296302
0 0.20842013888888888 0.44598162615740744 0.02886284722222217 0.03736255787037046
0 0.20029658564814815 0.4679361979166667 0.02297453703703704 0.03671151620370372
0 0.18724681712962962 0.48902271412037035 0.02886284722222217 0.03736255787037046
0 0.2637008101851852 0.47944697627314814 0.024725115740740804 0.03334780092592593
0 0.3144458912037037 0.4857313368055556 0.019748263888888912 0.037109375
0 0.33547453703703706 0.48412181712962965 0.020052083333333304 0.0312680844907407
0 0.36336805555555557 0.4831904658564815 0.02268518518518518 0.03182870370370372
0 0.3917317708333334 0.4847095630787037 0.025491898148148156 0.03531901041666674
0 0.4163266782407408 0.48295536747685186 0.01721643518518512 0.02728949652777779
0 0.4548538773148148 0.4859754774305556 0.024898726851851904 0.03627748842592582
0 0.4761357060185185 0.483154296875 0.02129629629629637 0.03032769097222221
0 0.5145833333333333 0.4903157552083333 0.03593750000000003 0.03609664351851849
0 0.5430989583333333 0.48891420717592593 0.026027199074073987 0.03338396990740744
0 0.5702329282407407 0.49161783854166663 0.02614293981481482 0.03533709490740744
0 0.590234375 0.4946108217592593 0.02028356481481482 0.0351743344907407
0 0.6083043981481482 0.492431640625 0.020818865740740655 0.0332392939814814
0 0.626830150462963 0.4924587673611111 0.020992476851851904 0.03616898148148151
0 0.6429832175925926 0.49631980613425924 0.01833043981481482 0.03512008101851849
0 0.6646195023148148 0.49399594907407407 0.024869791666666547 0.03578920717592604
0 0.6833188657407407 0.4969527633101852 0.017708333333333215 0.03559027777777779
0 0.7066623263888889 0.5015010127314815 0.02498553240740738 0.03774233217592582
0 0.7278790509259259 0.5030653211805556 0.023741319444444464 0.03868272569444442
0 0.7524233217592592 0.5059407552083334 0.023567708333333215 0.03575303819444442
0 0.7762659143518519 0.5024594907407407 0.025737847222222204 0.02850115740740744
0 0.8025318287037037 0.5014829282407407 0.027835648148148096 0.03099681712962976
0 0.8330584490740741 0.5011121961805556 0.030830439814814703 0.02669270833333326
0 0.8478009259259259 0.5305266203703705 0.024131944444444404 0.03430627893518512
0 0.8233145254629631 0.5286277488425926 0.02826967592592607 0.03832103587962976
0 0.7995659722222221 0.5282118055555556 0.027734375000000238 0.04025607638888884
0 0.7748263888888888 0.5275245949074074 0.028501157407407145 0.04222728587962976
0 0.7469618055555555 0.5289442274305556 0.029745370370370356 0.04128689236111116
0 0.7213469328703704 0.5299388744212963 0.029065393518518334 0.04078052662037024
0 0.6962601273148148 0.5233922887731481 0.02850115740740744 0.04222728587962976
0 0.6757957175925927 0.5235550491898149 0.02651909722222238 0.04168475115740744
0 0.6534577546296296 0.5195222077546297 0.02397280092592598 0.04258897569444442
0 0.6250361689814815 0.5170265480324074 0.021730324074074048 0.03765190972222232
0 0.6065538194444445 0.5177318431712963 0.02051504629629619 0.0390805844907407
0 0.5705005787037037 0.5125868055555556 0.023509837962962948 0.03477647569444442
0 0.5528428819444445 0.5162398726851852 0.023148148148148213 0.03964120370370372
0 0.5337673611111111 0.5179036458333334 0.02051504629629634 0.0390805844907407
0 0.5138310185185185 0.5214934172453703 0.022526041666666607 0.04011140046296302
0 0.49484230324074074 0.5136537905092593 0.019950810185185148 0.04052734375
0 0.47387876157407405 0.5108778211805556 0.024537037037037024 0.04114221643518512
0 0.41780237268518516 0.5078577112268519 0.021961805555555564 0.04155815972222232
0 0.39654947916666666 0.5111671730324074 0.02323495370370369 0.04110604745370372
0 0.3668258101851852 0.5086353443287037 0.024392361111111132 0.03870081018518512
0 0.3443648726851852 0.5080114293981481 0.023148148148148067 0.03964120370370372
0 0.3225983796296296 0.5081380208333333 0.021846064814814808 0.03960503472222232
0 0.2972149884259259 0.5020706741898149 0.025159143518518483 0.04067201967592604
0 0.2746166087962963 0.5046115451388888 0.022554976851851816 0.04059968171296302
0 0.2494791666666667 0.5026945891203703 0.027112268518518483 0.04072627314814814
0 0.17018229166666665 0.5136537905092593 0.028761574074074092 0.04662181712962976
0 0.15365306712962964 0.5473180700231481 0.03897569444444445 0.0434932002314814
0 0.23368055555555556 0.5541720920138888 0.0276765046296296 0.03927951388888884
0 0.2613932291666667 0.5556731047453703 0.024088541666666668 0.04454210069444442
0 0.28509114583333334 0.560718677662037 0.025506365740740684 0.04653139467592604
0 0.30473813657407406 0.55224609375 0.022048611111111116 0.04302300347222232
0 0.324486400462963 0.5564507378472222 0.024565972222222232 0.04163049768518512
0 0.3472583912037037 0.5568395543981481 0.024652777777777857 0.04309534143518512
0 0.37387152777777777 0.5617223668981481 0.023408564814814792 0.04403573495370372
0 0.39754050925925927 0.5553114149305556 0.026605902777777857 0.04314959490740744
0 0.4235170717592592 0.5604202835648149 0.025549768518518572 0.03629557291666652
0 0.45425347222222223 0.55810546875 0.026822916666666696 0.03584346064814814
0 0.4762514467592593 0.5618851273148149 0.023914930555555564 0.04161241319444464
0 0.5005859375 0.5667046440972223 0.025535300925925892 0.04701967592592604
0 0.522779224537037 0.5682960792824074 0.025332754629629584 0.04360170717592604
0 0.5446614583333332 0.5701226128472222 0.0265769675925925 0.04266131365740744
0 0.5668836805555556 0.5612340856481481 0.028660300925926013 0.03394458912037024
0 0.5939887152777777 0.5634494357638888 0.03138020833333336 0.03597005208333348
0 0.6281611689814816 0.5697609230324074 0.032103587962962976 0.04817708333333348
0 0.6552228009259259 0.5712438512731481 0.02560763888888899 0.03727213541666674
0 0.6776258680555555 0.5708912037037037 0.032002314814814824 0.03549985532407396
0 0.6988570601851851 0.5726996527777778 0.025462962962963093 0.03483072916666674
0 0.7260054976851853 0.5756474247685185 0.03353587962962953 0.03944227430555558
0 0.7538845486111111 0.5744719328703705 0.02835648148148155 0.03978587962962976
0 0.781127025462963 0.5735224971064815 0.03719618055555548 0.0463686342592593
0 0.8104962384259259 0.5755570023148149 0.03506944444444452 0.0433846932870372
0 0.8316984953703703 0.5768771701388888 0.029803240740740772 0.04226345486111116
0 0.8485604745370369 0.5707646122685186 0.0315248842592594 0.03841145833333348
0 0.8745876736111112 0.5822120949074074 0.02637442129629619 0.03924334490740744
0 0.893822337962963 0.5832338686342593 0.030512152777777857 0.04325810185185186
0 0.9119429976851853 0.6202980324074074 0.03870081018518512 0.0498227719907407
0 0.8655671296296297 0.6109664351851852 0.0413628472222222 0.05087167245370372
0 0.826931423611111 0.6115993923611112 0.031061921296296074 0.05253544560185186
0 0.794921875 0.6143663194444444 0.03677662037037047 0.0502567997685186
0 0.7649016203703702 0.6123137297453703 0.033883101851852025 0.04530164930555558
0 0.7409505208333332 0.6084798177083333 0.028255208333333098 0.04904513888888884
0 0.7138961226851852 0.601634837962963 0.032103587962962976 0.04817708333333348
0 0.6952907986111111 0.6057490596064815 0.03462094907407417 0.04678457754629628
0 0.6640552662037037 0.6051251446759259 0.03668981481481485 0.0487919560185186
0 0.6239438657407407 0.6027922453703703 0.03151041666666673 0.04913556134259256
0 0.5984809027777778 0.6008662471064814 0.032928240740740744 0.05112485532407396
0 0.571802662037037 0.6003689236111112 0.03420138888888887 0.05067274305555536
0 0.5433304398148148 0.6025028935185186 0.030295138888888868 0.05056423611111116
0 0.5096715856481482 0.5993742766203703 0.03085937500000006 0.04911747685185186
0 0.48099681712962966 0.5980902777777778 0.0275173611111111 0.04756221064814814
0 0.4532262731481482 0.5956127025462963 0.03148148148148152 0.04864728009259256
0 0.4187065972222222 0.5944100839120371 0.03071469907407402 0.04667607060185186
0 0.3886863425925926 0.592357494212963 0.024913194444444436 0.04748987268518512
0 0.3644024884259259 0.5938765914351851 0.029557291666666725 0.04908130787037024
0 0.33250144675925924 0.5929904513888888 0.028399884259259284 0.05148654513888884
0 0.29734519675925924 0.5920138888888888 0.03375289351851851 0.05407262731481488
0 0.24480613425925926 0.5883608217592593 0.03221932870370366 0.05013020833333348
0 0.2201533564814815 0.5891384548611112 0.03476562499999999 0.04922598379629628
0 0.13622685185185185 0.5768138744212963 0.034649884259259266 0.04727285879629628
0 0.11467737268518519 0.6135073061342593 0.038339120370370385 0.0546875
0 0.18676938657407405 0.6454897280092593 0.03502604166666664 0.05362051504629628
0 0.22464554398148148 0.6484917534722222 0.03203125000000003 0.05792462384259256
0 0.25199652777777776 0.654857494212963 0.032060185185185164 0.05841290509259256
0 0.2771556712962963 0.6516565393518519 0.02987557870370372 0.05445240162037046
0 0.30303819444444446 0.6496943721064815 0.02851562499999997 0.05343967013888884
0 0.33096064814814813 0.6492513020833333 0.029253472222222188 0.05492259837962976
0 0.3656611689814815 0.648021556712963 0.03301504629629637 0.05258969907407396
0 0.4217664930555555 0.6515299479166666 0.03517071759259268 0.05606192129629628
0 0.45423900462962963 0.6565755208333334 0.03517071759259253 0.05606192129629628
0 0.4861400462962963 0.6574616608796297 0.038541666666666696 0.05810546875
0 0.5413990162037038 0.6631401909722222 0.041681134259259345 0.05624276620370372
0 0.5671585648148149 0.6645869502314814 0.03647280092592601 0.05609809027777768
0 0.6011935763888889 0.6630949797453703 0.042216435185185176 0.05430772569444442
0 0.6303602430555556 0.6617115162037037 0.03946759259259262 0.0517939814814814
0 0.6854456018518519 0.6644603587962963 0.03904803240740732 0.0556821469907407
0 0.7373697916666666 0.6632215711805556 0.03888888888888905 0.0420283564814814
0 0.7745876736111111 0.6715675636574074 0.036791087962962855 0.0395326967592593
0 0.8001808449074074 0.6756908275462963 0.031568287037037145 0.05011212384259256
0 0.8241102430555557 0.6736744068287037 0.04473379629629607 0.05291521990740744
0 0.8564814814814815 0.6770109953703703 0.035821759259259046 0.05608000578703698
0 0.8801649305555556 0.6708441840277777 0.03655960648148149 0.05756293402777768
0 0.9115379050925926 0.679271556712963 0.03807870370370381 0.05029296875
0 0.9424768518518518 0.6803747106481481 0.03916377314814815 0.0576352719907407
0 0.9839337384259258 0.725658275462963 0.03213252314814833 0.06722005208333348
0 0.9407190393518517 0.7220052083333334 0.035286458333333215 0.05801504629629628
0 0.9114945023148149 0.722412109375 0.02996238425925905 0.05591724537037046
0 0.8835792824074075 0.7174931278935186 0.036443865740740954 0.05560980902777768
0 0.8516203703703704 0.7156304253472222 0.03585069444444441 0.05656828703703698
0 0.821043113425926 0.720630787037037 0.03551793981481488 0.06192129629629628
0 0.794581886574074 0.7237955729166667 0.040075231481481545 0.0620478877314814
0 0.7649522569444445 0.7063982928240741 0.03554687499999994 0.06240957754629628
0 0.7367766203703704 0.7080530237268519 0.042824074074074105 0.06456163194444442
0 0.7076533564814814 0.7101689091435186 0.04146412037037036 0.0635489004629628
0 0.673386863425926 0.7077546296296295 0.0406684027777778 0.06108940972222232
0 0.6359013310185185 0.7003761574074074 0.04114583333333336 0.0581778067129628
0 0.6041666666666666 0.7077817563657407 0.0367621527777778 0.06098090277777768
0 0.5692780671296296 0.7058376736111112 0.032537615740740655 0.05550130208333348
0 0.5202763310185184 0.7015516493055556 0.04013310185185196 0.0630244502314814
0 0.48337673611111115 0.6985767505787037 0.03987268518518524 0.0586299189814814
0 0.4519169560185185 0.6996527777777778 0.03587962962962976 0.05705656828703698
0 0.4187138310185185 0.69873046875 0.03256655092592601 0.05598958333333326
0 0.3890842013888889 0.6923014322916667 0.027242476851851844 0.05389178240740744
0 0.358521412037037 0.6975459346064814 0.03321759259259268 0.05600766782407396
0 0.3326461226851852 0.6941460503472222 0.0314091435185185 0.05839482060185186
0 0.29845196759259257 0.6929524739583334 0.03534432870370371 0.05899160879629628
0 0.26999421296296294 0.6953305844907407 0.03016493055555558 0.05933521412037024
0 0.23511284722222223 0.6989926938657407 0.033564814814814804 0.06186704282407396
0 0.20614149305555554 0.6981879340277777 0.030570023148148124 0.06617115162037024
0 0.17316984953703707 0.6902036313657407 0.03540219907407405 0.05996817129629628
0 0.08367332175925928 0.6606626157407407 0.039366319444444464 0.06105324074074092
0 0.12763310185185187 0.7827781394675926 0.0384403935185185 0.0673647280092593
0 0.16532118055555556 0.7826063368055556 0.04153645833333338 0.07573784722222232
0 0.20009403935185185 0.7825972945601851 0.03668981481481485 0.0707284432870372
0 0.23446903935185184 0.7813585069444444 0.037760416666666664 0.0668583622685186
0 0.2693142361111111 0.7825701678240742 0.034114583333333316 0.07114438657407396
0 0.3070023148148148 0.782398365162037 0.04280960648148143 0.07528573495370372
0 0.3471354166666667 0.7905815972222222 0.04233217592592601 0.07819733796296302
0 0.38325376157407404 0.7913411458333334 0.03561921296296303 0.07459852430555558
0 0.41362123842592596 0.7882848668981481 0.03846932870370375 0.0678530092592593
0 0.45219184027777776 0.7920373987268519 0.04589120370370381 0.07244646990740744
0 0.5110243055555556 0.7922092013888888 0.04544270833333345 0.07584635416666652
0 0.5435329861111111 0.7923810040509259 0.041319444444444464 0.0830439814814814
0 0.6375506365740741 0.794017650462963 0.045138888888888985 0.08168764467592604
0 0.6739800347222222 0.7945421006944444 0.05026041666666655 0.08036747685185186
0 0.8628472222222222 0.8063693576388888 0.050477430555555536 0.07306134259259256
0 0.8962890624999998 0.805835865162037 0.05585937500000012 0.0761357060185186
0 0.9352647569444444 0.8054560908564815 0.052763310185185354 0.06776258680555558
0 0.9633752893518519 0.8081868489583333 0.04696180555555548 0.06857638888888884
0 0.9877531828703704 0.795581958912037 0.024493634259259284 0.03700086805555536
0 0.9976634837962962 0.7910789207175926 0.0046730324074075 0.03908058449074092