0 0.19503761574074074 0.3692762586805556 0.020389660493827177 0.027748842592592693
0 0.21512345679012346 0.3700484664351852 0.022805748456790138 0.033651620370370394
0 0.22938850308641978 0.3704626012731481 0.020428240740740716 0.028237123842592693
0 0.24639274691358026 0.36910988136574074 0.02253568672839501 0.030233651620370394
0 0.2669584297839506 0.36792173032407405 0.022805748456790138 0.03365162037037028
0 0.28317660108024695 0.3682924623842593 0.022154706790123473 0.03363715277777779
0 0.3102888695987654 0.37061451099537035 0.020814043209876527 0.03311993634259258
0 0.3259331597222222 0.3700231481481482 0.020201581790123473 0.03359375000000009
0 0.3499445408950617 0.3704644097222222 0.0252170138888889 0.0312680844907407
0 0.37853009259259257 0.37470341435185184 0.02176890432098766 0.02875434027777779
0 0.39766107253086425 0.37111002604166665 0.022116126543209862 0.03314887152777779
0 0.41391541280864197 0.3751356336805556 0.020163001543209862 0.03310546875000009
0 0.42875434027777776 0.3765118634259259 0.016483410493827105 0.02766203703703707
0 0.4441333912037037 0.37105215567129635 0.018745177469135694 0.03161168981481488
0 0.4568262924382716 0.37491319444444443 0.015793788580246826 0.027159288194444464
0 0.47423321759259257 0.37257667824074076 0.020659722222222232 0.031166811342592582
0 0.49774787808641974 0.3710792824074074 0.022270447530864157 0.03510199652777779
0 0.513869598765432 0.3726707175925926 0.022690007716049305 0.03218677662037028
0 0.5300877700617285 0.37304144965277775 0.017327353395061824 0.030117910879629672
0 0.5453679591049383 0.3729456018518519 0.023379629629629584 0.03268952546296289
0 0.5622178819444444 0.37354600694444445 0.020698302469135694 0.03165509259259258
0 0.5820746527777778 0.37310474537037036 0.022309027777777768 0.03559027777777779
0 0.5990764853395062 0.3758951822916667 0.02203896604938264 0.03217230902777779
0 0.6202739197530864 0.37493670428240744 0.022612847222222232 0.031210214120370283
0 0.6415485146604939 0.37300166377314814 0.019550540123456805 0.033579282407407374
0 0.6591435185185185 0.37651005497685186 0.02184606481481488 0.02973090277777779
0 0.6749228395061729 0.37420970775462964 0.02008584104938264 0.03212890624999998
0 0.6916015625000002 0.3728642216435185 0.020698302469135992 0.03165509259259258
0 0.7077811535493828 0.37372323495370374 0.019396219135802657 0.031626157407407485
0 0.18238811728395063 0.38954173900462963 0.03547935956790127 0.029546440972222254
0 0.1654682677469136 0.41038953993055555 0.029277584876543195 0.033308015046296324
0 0.23665123456790124 0.3936975549768519 0.021956983024691363 0.022909432870370283
0 0.25481770833333334 0.4023111979166667 0.01931905864197529 0.030649594907407485
0 0.2747709297839506 0.4006492332175926 0.021465084876543195 0.033134403935185186
0 0.298707561728395 0.397923900462963 0.017168209876543255 0.019878472222222276
0 0.31293402777777773 0.39882631655092593 0.014641203703703662 0.02079716435185186
0 0.33187210648148147 0.39767433449074074 0.018967013888888884 0.017968749999999978
0 0.3531418788580247 0.4040256076388889 0.018706597222222232 0.03112340856481477
0 0.371850887345679 0.40166015625 0.01916473765432099 0.028696469907407374
0 0.3880111882716049 0.4027633101851852 0.018127893518518512 0.02379918981481477
0 0.40398341049382713 0.3980215567129629 0.01701388888888881 0.017925347222222276
0 0.4198181905864198 0.39913194444444444 0.017664930555555475 0.01793981481481477
0 0.43852719907407406 0.39676649305555556 0.020384837962962976 0.019462528935185186
0 0.45798128858024695 0.39730902777777777 0.02019193672839507 0.017021122685185186
0 0.47268277391975316 0.40453739872685185 0.01663773148148155 0.02961516203703707
0 0.49008728780864197 0.4063440393518518 0.01912615740740738 0.028208188657407485
0 0.5076123649691358 0.39839952256944444 0.018508873456790198 0.020395688657407374
0 0.5287688078703704 0.4020724826388889 0.020351080246913494 0.027260561342592582
0 0.5511357060185186 0.39865089699074074 0.02168692129629631 0.019491464120370394
0 0.5763913001543209 0.39979564525462963 0.026244212962962976 0.019592737268518512
0 0.5981385030864197 0.4083297164351852 0.019738618827160437 0.027734374999999978
0 0.6147038966049383 0.40430591724537035 0.016748649691357958 0.022793692129629672
0 0.6455102237654321 0.4092267071759259 0.01916473765432099 0.028696469907407485
0 0.6643180941358025 0.4014973958333333 0.020119598765432123 0.024330873842592582
0 0.6862220293209876 0.4039351851851852 0.027281057098765455 0.024490017361111116
0 0.7057749807098764 0.3991138599537037 0.01927083333333357 0.013588686342592582
0 0.7248070987654321 0.40088433159722225 0.022569444444444642 0.022435619212962887
0 0.7332200038580247 0.421900318287037 0.023186728395061824 0.030248119212962887
0 0.714356674382716 0.4262188946759259 0.025868055555555713 0.031282552083333304
0 0.6943287037037038 0.4247142650462963 0.028742283950617065 0.03475839120370372
0 0.6659336419753087 0.42217701099537036 0.026557677469135694 0.03178530092592591
0 0.6340904706790124 0.4221535011574074 0.023456790123456805 0.033666087962963
0 0.6143856095679012 0.4247847945601852 0.026022376543209862 0.033235677083333304
0 0.5898003472222223 0.42338143807870365 0.024643132716049305 0.032230179398148096
0 0.5722800925925926 0.42303964120370374 0.022767168209876527 0.03316333912037028
0 0.5554301697530865 0.4224392361111111 0.024681712962962916 0.032718460648148096
0 0.5408396026234569 0.42203233506944443 0.02004726080246903 0.03164062499999998
0 0.5246985918209877 0.42068504050925926 0.021735146604938322 0.036552372685185186
0 0.504612750771605 0.41991283275462965 0.024951774691358047 0.036136429398148096
0 0.483299575617284 0.42233615451388884 0.024913194444444436 0.035648148148148096
0 0.45454041280864194 0.4202944155092593 0.024184992283950695 0.03465711805555549
0 0.4381124614197531 0.41846607349537035 0.02307581018518512 0.03706958912037028
0 0.4194999035493827 0.41961082175925923 0.02433931327160499 0.03661024305555549
0 0.4040099344135803 0.41824905960648145 0.02161940586419764 0.035087528935185186
0 0.38671875 0.4191207320601852 0.026022376543209862 0.033235677083333304
0 0.36121238425925933 0.4211498119212963 0.021542245370370416 0.034110966435185186
0 0.3362437307098765 0.4204861111111111 0.02364969135802471 0.036107494212963
0 0.3128255208333333 0.4207628038194444 0.023533950617283955 0.03464265046296289
0 0.2964916087962963 0.42185691550925924 0.022270447530864157 0.03510199652777779
0 0.2818648726851852 0.41779513888888886 0.020814043209876527 0.03311993634259269
0 0.2660276813271605 0.42082790798611114 0.021045524691358047 0.03604962384259269
0 0.24534866898148147 0.4193377459490741 0.02564139660493825 0.0366391782407407
0 0.22386429398148147 0.41981517650462963 0.023572530864197565 0.035130931712963
0 0.14908371913580246 0.43268771701388886 0.030237268518518528 0.03722873263888893
0 0.13758198302469135 0.4548773871527778 0.024377893518518528 0.03709852430555549
0 0.1209104938271605 0.4766945167824074 0.0302758487654321 0.03771701388888893
0 0.1992332175925926 0.46423068576388893 0.026060956790123473 0.033723958333333304
0 0.24926456404320987 0.46848054108796294 0.021122685185185192 0.03702618634259258
0 0.27023292824074074 0.46630859375 0.0213107638888889 0.031181278935185186
0 0.2986689814814815 0.4642144097222222 0.023953510802469175 0.0317274305555556
0 0.32689284336419755 0.46480577256944444 0.026866319444444436 0.03569155092592591
0 0.351806037808642 0.46205873842592593 0.018397955246913494 0.02721715856481477
0 0.39002459490740743 0.46364655671296295 0.02629243827160499 0.036653645833333304
0 0.41174045138888893 0.4602394386574074 0.02257426697530877 0.030721932870370394
0 0.4493248456790124 0.4657407407407408 0.037321566358024715 0.03641131365740735
0 0.47810570987654327 0.46339518229166665 0.027363040123456805 0.03375289351851851
0 0.5046248070987654 0.4649992766203704 0.02747878086419764 0.03521773726851851
0 0.5242693865740741 0.4672435619212963 0.022309027777777917 0.03559027777777779
0 0.5426914544753086 0.4643970630787037 0.022805748456790138 0.033651620370370394
0 0.5615909529320987 0.4637333622685185 0.02234760802469138 0.03607855902777779
0 0.5772328317901235 0.46728515625 0.0197048611111111 0.035532407407407374
0 0.5992549189814814 0.46411494502314815 0.026866319444444436 0.03569155092592591
0 0.6176167052469136 0.4661440248842592 0.01905381944444458 0.03551793981481488
0 0.6400559413580247 0.4700321903935185 0.02702064043209873 0.03764467592592591
0 0.6611183449074074 0.4707826967592592 0.025834297839506082 0.0390805844907407
0 0.6850139853395062 0.4726888020833333 0.025602816358024565 0.0361508969907407
0 0.7097366898148149 0.4682400173611111 0.02697723765432099 0.028870081018518512
0 0.7362003279320989 0.46643337673611107 0.029123263888889046 0.031354890046296324
0 0.7668764467592594 0.46477683738425923 0.03199266975308627 0.026544415509259345
0 0.7769314236111112 0.493798828125 0.02544849537037012 0.0341977719907407
0 0.7526331018518518 0.4928765190972222 0.02966338734567901 0.038190827546296324
0 0.7288893711419752 0.4931604456018518 0.029856288580247064 0.040632233796296324
0 0.7041690779320988 0.49346607349537036 0.030661651234567877 0.04259982638888882
0 0.6760392554012347 0.49579716435185184 0.031235532407407618 0.04163773148148153
0 0.6501880787037037 0.49807761863425926 0.031158371913580247 0.04066116898148153
0 0.6262755594135803 0.49227249710648147 0.03001060956790121 0.042585358796296324
0 0.6054036458333334 0.49322374131944446 0.027980324074073987 0.04156539351851851
0 0.5835575810185185 0.4900535300925926 0.025491898148148156 0.04297236689814821
0 0.5557364004629629 0.4884783709490741 0.02315297067901234 0.03804615162037028
0 0.5367790316358024 0.4898744936342593 0.021966628086419693 0.039482060185185075
0 0.5016637731481481 0.48602430555555554 0.024874614197530825 0.035159866898148096
0 0.48345148533950616 0.49032841435185187 0.025260416666666785 0.04004267939814821
0 0.4637659143518518 0.49271556712962966 0.022579089506172895 0.03900824652777779
0 0.44327498070987653 0.4970703125 0.024647955246913582 0.04051649305555549
0 0.42564380787037037 0.4899070457175926 0.021431327160493858 0.04093243634259269
0 0.40500337577160495 0.4879286024305556 0.026027199074074137 0.0415219907407407
0 0.3491874035493827 0.48697554976851853 0.02342303240740747 0.04146412037037028
0 0.32741367669753085 0.4911150896990741 0.025337577160493858 0.04101924189814821
0 0.2979648919753086 0.48957609953703707 0.02579571759259262 0.0385923032407407
0 0.2755039544753087 0.49007523148148147 0.024570794753086433 0.03953993055555549
0 0.25367476851851856 0.49080403645833337 0.023307291666666636 0.03999927662037028
0 0.22905333719135804 0.4857458043981482 0.026639660493827193 0.041048177083333304
0 0.2060353973765432 0.4891818576388889 0.024035493827160526 0.04099030671296289
0 0.1811053240740741 0.4880298755787037 0.028554205246913582 0.040603298611111116
0 0.09973717206790123 0.5020236545138889 0.030970293209876543 0.04650607638888893
0 0.07785011574074074 0.5363859953703703 0.04115547839506173 0.04380787037037037
0 0.1568335262345679 0.5402361834490741 0.029128086419753063 0.03964120370370372
0 0.1844256365740741 0.5405978732638889 0.02629726080246912 0.0449399594907407
0 0.20747733410493827 0.5449598524305556 0.027064043209876543 0.046419270833333304
0 0.2286795910493827 0.535715060763889 0.023538773148148156 0.042928964120370505
0 0.24790219907407407 0.5391872829861111 0.026027199074074064 0.04152199074074092
0 0.2703631365740741 0.5386881510416667 0.02618152006172843 0.0434751157407407
0 0.29638310185185185 0.5424967447916667 0.02560763888888884 0.044437210648148096
0 0.32133728780864196 0.5351182725694444 0.02813464506172836 0.04351851851851851
0 0.3463421103395062 0.5394368489583333 0.026904899691357897 0.03617983217592591
0 0.3774787808641975 0.5360640914351852 0.02820698302469138 0.036208767361111116
0 0.39934413580246914 0.538990162037037 0.025414737654320934 0.041995804398148096
0 0.42275993441358023 0.5428566261574074 0.027753665123456745 0.04692201967592591
0 0.44479890046296305 0.5435854311342593 0.027522183641975378 0.04399233217592591
0 0.46647376543209873 0.5448097511574074 0.028747106481481488 0.043044704861111116
0 0.4899932484567901 0.5350260416666667 0.030005787037037084 0.03429904513888893
0 0.5168764467592593 0.536134620949074 0.03276427469135804 0.036310040509259345
0 0.550267650462963 0.5412416811342593 0.034379822530864246 0.04853153935185173
0 0.5772087191358025 0.5416178385416667 0.02702064043209873 0.03764467592592591
0 0.599708236882716 0.5406304253472223 0.033376736111111104 0.03583622685185173
0 0.620751350308642 0.541625072337963 0.026827739197530825 0.03520326967592591
0 0.6475766782407407 0.5434660734953705 0.034987461419753174 0.039771412037036935
0 0.6756872106481481 0.5413791232638889 0.030430169753086506 0.03967013888888893
0 0.7031467013888889 0.539306640625 0.03943383487654314 0.04669415509259256
0 0.7323278356481482 0.5401204427083333 0.0365981867283951 0.04370659722222214
0 0.7533902391975308 0.5408709490740741 0.0319251543209876 0.04214048032407414
0 0.771144386574074 0.5341399016203703 0.03360821759259262 0.03876591435185173
0 0.7956476658950619 0.5448061342592593 0.02778742283950623 0.03912398726851851
0 0.8148148148148149 0.5448676215277778 0.032040895061728136 0.04360532407407414
0 0.826875964506173 0.5814001012731481 0.04100597993827174 0.05014105902777777
0 0.7816526813271606 0.5738751446759259 0.043036265432098965 0.05116102430555558
0 0.7428192515432098 0.5759566695601852 0.03342496141975312 0.05289713541666652
0 0.7103419174382717 0.5798466435185186 0.039091435185185354 0.05058593750000018
0 0.6805290316358025 0.5788031684027778 0.03610146604938258 0.04564525462962954
0 0.6570360725308642 0.5759132667824074 0.02986111111111119 0.04891854745370372
0 0.6311897183641976 0.5699074074074074 0.03369020061728397 0.048028790509259345
0 0.6116367669753086 0.5747287326388888 0.03686824845679008 0.04712456597222214
0 0.5807122878086419 0.575415943287037 0.03832465277777786 0.04910662615740735
0 0.5408082561728395 0.5745967158564815 0.03380594135802465 0.049493634259259345
0 0.5155526620370371 0.5734519675925926 0.03461130401234561 0.05146122685185173
0 0.4888599537037037 0.574045138888889 0.036525848765432 0.05101634837962976
0 0.46002121913580246 0.5771231192129629 0.032619598765432 0.05092954282407414
0 0.42668547453703703 0.5754267939814814 0.03250385802469132 0.04946469907407414
0 0.3977912808641975 0.5750940393518519 0.029783950617283967 0.04794198495370372
0 0.3706018518518519 0.5737485532407407 0.03376736111111119 0.049005353009259345
0 0.3361545138888889 0.5737829137731482 0.03296199845679008 0.04703776041666674
0 0.30634162808641974 0.5727394386574074 0.026528742283950635 0.0478696469907407
0 0.28177324459876546 0.5752350983796296 0.03185281635802465 0.04945023148148153
0 0.24991078317901236 0.5754557291666667 0.03070505401234569 0.051374421296296324
0 0.2147931134259259 0.5757486979166666 0.03614486882716047 0.054419849537036935
0 0.16261574074074073 0.5739836516203705 0.034534143518518544 0.05048466435185173
0 0.13777970679012347 0.575754123263889 0.03641010802469136 0.04955150462962976
0 0.0556592399691358 0.5663682725694444 0.03690682870370369 0.04761284722222214
0 0.027987557870370373 0.604027416087963 0.040740740740740744 0.055009403935185164
0 0.09517988040123455 0.6337293836805555 0.03740837191358026 0.05396050347222214
0 0.13276668595679011 0.6350875289351852 0.034500385802469134 0.058282696759259345
0 0.1589771412037037 0.6405978732638888 0.034538966049382704 0.058770978009259345
0 0.18498263888888888 0.6363642939814815 0.03227719907407408 0.05482132523148131
0 0.21121720679012346 0.6333441840277778 0.030859374999999984 0.053327546296296324
0 0.23926986882716048 0.6319896556712963 0.03166473765432102 0.05529513888888893
0 0.2742356288580247 0.6295066550925925 0.034727044753086446 0.05292607060185173
0 0.33003231095679014 0.6307038483796297 0.037601273148148096 0.05640190972222214
0 0.36154755015432105 0.6348777488425925 0.037601273148148096 0.05640190972222214
0 0.39342930169753093 0.6344129774305556 0.041010802469135875 0.058427372685185164
0 0.4480372299382716 0.6383174189814815 0.04411168981481476 0.056546585648148184
0 0.47367621527777776 0.638722511574074 0.03890335648148143 0.05643084490740735
0 0.5080102237654321 0.636009837962963 0.04460841049382713 0.05460792824074079
0 0.5377869405864198 0.6333984375 0.04181134259259256 0.05210865162037037
0 0.5926649305555555 0.633884910300926 0.041468942901234485 0.05600043402777777
0 0.6445577739197531 0.6310257523148148 0.040388695987654266 0.04232855902777777
0 0.6807436342592593 0.6377766927083333 0.03824266975308651 0.03984375000000018
0 0.7058256172839507 0.6411187065972221 0.033883101851852025 0.050470196759259345
0 0.7301070601851851 0.6381419994212962 0.04713541666666643 0.05368923611111098
0 0.7621214313271606 0.6401114004629629 0.03825231481481476 0.05641637731481497
0 0.7867115162037037 0.633228443287037 0.03967013888888893 0.05791015625000018
0 0.8169994212962962 0.6405978732638888 0.04039351851851869 0.050614872685185386
0 0.847559799382716 0.640406177662037 0.04162326388888893 0.05795355902777777
0 0.8915557484567902 0.6840277777777778 0.05407503858024695 0.06749131944444442
0 0.8390528549382715 0.6822699652777777 0.03775559413580254 0.05835503472222214
0 0.8100236304012345 0.6836461950231482 0.03235435956790115 0.05579788773148153
0 0.7827015817901234 0.6798665364583334 0.03882619598765421 0.05545428240740735
0 0.7509162808641975 0.6791106047453703 0.03829089506172837 0.05690465856481497
0 0.7192226080246913 0.6854202835648149 0.03806423611111084 0.06226128472222214
0 0.692259837962963 0.6894314236111111 0.0426215277777778 0.06236255787037037
0 0.6652705439814816 0.6732150607638889 0.03810281635802474 0.06274956597222214
0 0.6367959104938271 0.6757975260416667 0.04606963734567904 0.06487630208333339
0 0.6072868441358025 0.6791341145833334 0.04403935185185196 0.06385633680555536
0 0.5735869984567902 0.6779333043981481 0.04319540895061724 0.061400462962962976
0 0.5370177469135803 0.6719220196759259 0.04361496913580254 0.05848524305555558
0 0.5038483796296296 0.6804578993055556 0.03928915895061724 0.06131365740740735
0 0.4691141010802469 0.6800112123842592 0.03495852623456782 0.05585575810185173
0 0.42059461805555554 0.6771900318287037 0.043349729938271686 0.06335358796296298
0 0.3843291859567901 0.6755588107638889 0.042351466049382815 0.05894458912037037
0 0.35261863425925927 0.6779694733796297 0.03829089506172837 0.05690465856481475
0 0.3191285686728395 0.6782262731481481 0.0349971064814815 0.05634403935185173
0 0.29062017746913577 0.6730107060185185 0.0296344521604938 0.054275173611111116
0 0.25925202546296294 0.6793131510416666 0.03560956790123456 0.05587022569444455
0 0.23344184027777778 0.6769621672453703 0.033887924382716074 0.05875651041666652
0 0.1996455439814815 0.6769820601851853 0.037832754629629615 0.05933159722222214
0 0.1704619984567901 0.6803114149305556 0.03266300154320989 0.05970413773148153
0 0.13495852623456792 0.6854871961805555 0.03611111111111113 0.06221788194444455
0 0.10602575231481481 0.6856427228009259 0.03316454475308639 0.06605179398148131
0 0.07439718364197533 0.6787905092592592 0.037909915123456796 0.06030815972222214
0 0.005170958719135805 0.6524088541666666 0.01034191743827161 0.06137152777777777
0 0.017085021219135802 0.7734827112268519 0.034170042438271604 0.06769024884259256
0 0.05144193672839507 0.7719111689814815 0.04500385802469135 0.07606336805555558
0 0.08633053626543212 0.7704047309027777 0.04006076388888887 0.07107928240740735
0 0.12097077546296298 0.7679289641203704 0.040364583333333336 0.06669921874999996
0 0.1560691550925926 0.7678801359953704 0.0374565972222222 0.07102141203703694
0 0.19356192129629632 0.7663158275462962 0.04626736111111107 0.07560402199074057
0 0.23267746913580245 0.7730016637731482 0.045196759259259256 0.07850477430555558
0 0.2687909915123457 0.7724428530092593 0.0390673225308642 0.07495659722222214
0 0.2999855324074074 0.7683376736111112 0.04178240740740743 0.06819299768518539
0 0.33782069830246914 0.7706651475694444 0.04864004629629637 0.07273220486111098
0 0.3968171296296297 0.7683792679398148 0.04891010802469135 0.0761501736111112
0 0.42936921296296293 0.7676558883101852 0.0449315200617284 0.08337311921296298
0 0.5234254436728395 0.7658094618055555 0.04876060956790133 0.0824833622685186
0 0.5598837770061729 0.7649992766203704 0.05381462191358022 0.08064597800925921
0 0.7476466049382715 0.7698441116898148 0.05388695987654302 0.07333622685185182
0 0.7812717013888889 0.7678783275462964 0.05932677469135802 0.07638165509259265
0 0.8203920717592593 0.7662778501157408 0.0554542824074075 0.06849681712962963
0 0.8482132523148147 0.7678530092592593 0.05028452932098778 0.0688693576388888
0 0.8791835455246915 0.7542480468749999 0.035445601851851784 0.03734447337962976
0 0.9020302854938271 0.7488661024305555 0.0401572145061729 0.03939887152777777