0 0.22159150326797386 0.37798774509803923 0.017575163398692844 0.027357843137254867
0 0.24186601307189545 0.37878186274509806 0.019374183006535928 0.03275980392156863
0 0.2561584967320261 0.3793774509803921 0.017468954248365993 0.02775612745098044
0 0.27309803921568626 0.37822549019607843 0.01958660130718955 0.02974142156862747
0 0.29369117647058823 0.37723406862745096 0.019480392156862775 0.03299754901960783
0 0.31004901960784315 0.3777095588235294 0.01852777777777777 0.03299754901960783
0 0.3373104575163399 0.3802512254901961 0.017785947712418298 0.03236274509803927
0 0.3529264705882353 0.37973529411764706 0.016622549019607913 0.03275980392156863
0 0.3772254901960784 0.38044975490196076 0.022021241830065375 0.03037745098039213
0 0.4061274509803921 0.3850563725490196 0.01884477124183004 0.028156862745097988
0 0.4248137254901961 0.3816813725490196 0.01874019607843132 0.03236397058823526
0 0.4418071895424837 0.3856924019607843 0.016516339869281065 0.03228676470588232
0 0.45658006535947715 0.3871752450980392 0.01338888888888882 0.027340686274509807
0 0.4716209150326798 0.381922794117647 0.01523692810457522 0.030952205882352923
0 0.484673202614379 0.3858517156862745 0.013107843137254882 0.02645833333333336
0 0.5019836601307189 0.38375 0.01747712418300651 0.03032352941176475
0 0.5251192810457516 0.38238480392156865 0.018710784313725526 0.03439950980392159
0 0.5417009803921569 0.3842536764705883 0.019269607843137287 0.03132965686274514
0 0.5578611111111111 0.3846102941176471 0.014284313725490142 0.0297745098039216
0 0.5730702614379085 0.3846531862745098 0.019830065359477178 0.031876225490196086
0 0.5900441176470589 0.38553553921568623 0.01747712418300651 0.03112009803921567
0 0.6100424836601307 0.3853259803921569 0.018486928104575195 0.03473406862745099
0 0.6272973856209151 0.38828676470588236 0.018710784313725526 0.03132965686274514
0 0.6483594771241831 0.38753063725490194 0.019158496732026187 0.03032107843137255
0 0.6696470588235294 0.38559803921568625 0.01635784313725493 0.0330098039215686
0 0.6875163398692811 0.3894007352941177 0.019158496732026187 0.029270833333333357
0 0.7031454248366013 0.3871519607843137 0.016805555555555667 0.03132720588235294
0 0.7197271241830064 0.38612132352941175 0.017702614379084974 0.03103308823529416
0 0.7359738562091502 0.3869203431372549 0.015908496732026062 0.031117647058823472
0 0.21127450980392157 0.3981176470588235 0.03265849673202611 0.02855392156862746
0 0.19634477124183006 0.4187463235294117 0.025993464052287567 0.03250612745098036
0 0.26606045751633983 0.40278186274509803 0.019550653594771223 0.02225490196078428
0 0.28491013071895427 0.41156617647058824 0.01590849673202614 0.030243872549019613
0 0.304937908496732 0.41005392156862747 0.017982026143790852 0.032261029411764675
0 0.32854901960784316 0.4073835784313725 0.015460784313725476 0.01910539215686269
0 0.34286274509803927 0.40858088235294115 0.012828431372549076 0.020240196078431416
0 0.36165686274509806 0.40755147058823527 0.01714215686274508 0.017424019607843122
0 0.3838398692810457 0.4141507352941176 0.015797385620914966 0.030623774509803914
0 0.4023267973856209 0.4118811274509804 0.016468954248365957 0.02810171568627451
0 0.4184869281045751 0.4130575980392157 0.015517973856209158 0.023394607843137294
0 0.4340882352941176 0.4085171568627451 0.01546078431372555 0.017340686274509798
0 0.4499705882352942 0.40973651960784313 0.01596568627450982 0.017257352941176474
0 0.4684003267973856 0.4076985294117647 0.01854248366013067 0.018979166666666658
0 0.48800653594771237 0.408265931372549 0.018766339869281 0.01633210784313721
0 0.5035522875816992 0.41570588235294115 0.013892156862745106 0.029196078431372507
0 0.5211421568627451 0.4177855392156863 0.016133986928104527 0.027557598039215647
0 0.537890522875817 0.4099044117647059 0.016357843137254857 0.01961151960784313
0 0.5594869281045751 0.41375122549019605 0.017869281045751695 0.026547794117647072
0 0.5816421568627451 0.41063970588235293 0.019830065359477178 0.01881250000000001
0 0.6071029411764706 0.411921568627451 0.02436764705882351 0.018602941176470544
0 0.6298169934640523 0.4207487745098039 0.01702941176470585 0.027181372549019645
0 0.6459509803921568 0.41667156862745097 0.014341503267973899 0.02205269607843141
0 0.6770980392156862 0.4219938725490196 0.016468954248365957 0.028093137254901923
0 0.6952761437908497 0.41436519607843136 0.01753431372549012 0.0236764705882353
0 0.7176552287581699 0.4169497549019608 0.024983660130719027 0.023552696078431357
0 0.7367581699346405 0.41237622549019604 0.018150326797385635 0.012707107843137222
0 0.7557483660130719 0.41439460784313725 0.020503267973856154 0.021785539215686267
0 0.7663349673202614 0.4354509803921569 0.02016666666666674 0.02961397058823534
0 0.7479885620915031 0.4395269607843137 0.022799019607843068 0.030708333333333337
0 0.7275980392156862 0.4379938725490196 0.025040849673202636 0.03394362745098045
0 0.6990294117647059 0.43503063725490193 0.02369607843137267 0.030790441176470562
0 0.667125816993464 0.4347365196078431 0.02005392156862751 0.03272303921568631
0 0.6475196078431372 0.43715318627450983 0.022519607843137262 0.032262254901960774
0 0.622843137254902 0.43566176470588236 0.02123039215686277 0.03154656862745098
0 0.6052532679738561 0.43503063725490193 0.019661764705882323 0.03230269607843139
0 0.5883071895424837 0.4344424019607843 0.021398692810457476 0.032134803921568644
0 0.5737434640522876 0.43385416666666665 0.01714215686274508 0.03095710784313721
0 0.5574411764705882 0.4323419117647059 0.018150326797385635 0.03600000000000003
0 0.5370228758169934 0.431375 0.021343137254902 0.03557843137254901
0 0.5160996732026144 0.4335600490196078 0.021511437908496706 0.03490808823529412
0 0.487109477124183 0.4313958333333333 0.02067156862745101 0.03385539215686273
0 0.4702205882352941 0.42923161764705886 0.019495098039215748 0.03633455882352943
0 0.4516781045751634 0.4303872549019608 0.020727124183006485 0.03587254901960779
0 0.4361045751633987 0.428875 0.01781372549019607 0.03435906862745097
0 0.4189640522875817 0.42939950980392155 0.022519607843137262 0.03263602941176469
0 0.39341830065359473 0.4313333333333333 0.018150326797385635 0.03347794117647063
0 0.36863071895424837 0.43053431372549017 0.020334967320261448 0.035410539215686265
0 0.3451584967320261 0.4303664215686274 0.019774509803921553 0.034064950980392195
0 0.3287173202614379 0.431375 0.018821895424836626 0.03456985294117643
0 0.313704248366013 0.42725612745098035 0.01736601307189541 0.03238235294117653
0 0.29807516339869283 0.43009313725490195 0.017702614379084974 0.035284313725490235
0 0.2772369281045752 0.428328431372549 0.021735294117647037 0.03578676470588238
0 0.25566993464052284 0.4287696078431373 0.020279411764705896 0.03440073529411769
0 0.18218790849673203 0.4408125 0.026674836601307206 0.0364460784313726
0 0.17286601307189542 0.46313357843137254 0.02070098039215688 0.03636642156862746
0 0.15839705882352942 0.48466911764705883 0.026674836601307168 0.03656740196078434
0 0.23561274509803923 0.4729816176470588 0.022915032679738562 0.03289093137254906
0 0.28610294117647056 0.4777536764705882 0.017302287581699344 0.03664093137254898
0 0.3071388888888889 0.4756666666666667 0.017972222222222205 0.03061274509803924
0 0.33543464052287586 0.47381249999999997 0.020803921568627426 0.031074754901960766
0 0.36355065359477123 0.47470098039215686 0.023584967320261423 0.03470710784313724
0 0.38834477124183003 0.4721887254901961 0.015397058823529411 0.026901960784313728
0 0.4266830065359477 0.4741225490196079 0.022862745098039206 0.035866421568627405
0 0.4483627450980392 0.4708186274509804 0.019258169934640506 0.029953431372549022
0 0.48641666666666666 0.4767487745098039 0.033575163398692855 0.03509436274509803
0 0.5150473856209151 0.4746237745098039 0.02379084967320259 0.032698529411764654
0 0.5419281045751634 0.4766139705882353 0.02409967320261434 0.034591911764705885
0 0.5617009803921569 0.4789497549019608 0.018537581699346422 0.034862745098039216
0 0.5799297385620915 0.4762843137254902 0.019155228758169923 0.0327745098039216
0 0.5986748366013072 0.4758602941176471 0.018640522875817005 0.0356335784313726
0 0.6146895424836601 0.4793370098039215 0.01637581699346402 0.03470833333333334
0 0.6365228758169935 0.4763811274509804 0.022967320261437923 0.03505392156862741
0 0.6550343137254901 0.47864093137254904 0.015499999999999995 0.035171568627450966
0 0.678078431372549 0.4826789215686274 0.022967320261437923 0.03698897058823525
0 0.6991650326797386 0.48362499999999997 0.021576797385620832 0.038187499999999985
0 0.7234967320261437 0.4859044117647059 0.02173039215686264 0.035329656862745085
0 0.7477499999999999 0.4815759803921568 0.024202614379084924 0.02806495098039219
0 0.7739362745098038 0.47995343137254903 0.025901960784313616 0.030382352941176416
0 0.8047042483660131 0.47879534313725486 0.029042483660130774 0.025746323529411752
0 0.8176797385620915 0.5079166666666667 0.022245098039215705 0.03347426470588233
0 0.7932205882352942 0.506642156862745 0.02584967320261426 0.037414215686274455
0 0.7695065359477123 0.5067781862745099 0.02569607843137245 0.03977083333333331
0 0.7446617647058823 0.5068750000000001 0.026055555555555426 0.04158700980392155
0 0.7166993464052287 0.5089999999999999 0.027292483660130706 0.040737745098039235
0 0.6911584967320262 0.5108541666666666 0.026880718954248373 0.03981127450980387
0 0.6663643790849673 0.5049436274509804 0.02579901960784318 0.04143137254901963
0 0.6457401960784314 0.5055612745098039 0.02379084967320259 0.04081372549019613
0 0.623545751633987 0.5022009803921569 0.021421568627451038 0.04197058823529409
0 0.5954558823529411 0.5004031862745097 0.019619281045751613 0.03721813725490192
0 0.5767124183006536 0.5017757352941176 0.01797222222222228 0.03880269607843134
0 0.541 0.4975833333333334 0.021318627450980454 0.03435784313725487
0 0.5231323529411765 0.5017365196078432 0.021112745098039287 0.039188725490196086
0 0.5037696078431373 0.5038615196078432 0.018537581699346422 0.03833946078431372
0 0.48358496732026146 0.5079950980392156 0.020495098039215637 0.039655637254901954
0 0.46507189542483657 0.5006164215686275 0.017455882352941227 0.040192401960784274
0 0.44439705882352937 0.49849142156862747 0.02183333333333337 0.040577205882352974
0 0.38829411764705885 0.4971200980392157 0.019310457516339863 0.04084681372549015
0 0.36700163398692814 0.5010220588235295 0.02090686274509797 0.040308823529411786
0 0.3373398692810457 0.4992254901960784 0.02214215686274512 0.03787377450980389
0 0.3148104575163399 0.4993799019607843 0.02064869281045752 0.03887867647058818
0 0.29305555555555557 0.4999987745098039 0.019465686274509803 0.039187499999999986
0 0.2677450980392157 0.4946286764705883 0.022606209150326812 0.04003431372549021
0 0.2450359477124183 0.49787377450980386 0.020133986928104603 0.0400367647058823
0 0.22003594771241827 0.49659926470588234 0.024511437908496747 0.03980392156862744
0 0.139859477124183 0.5097732843137255 0.02636437908496732 0.04575980392156859
0 0.12144934640522875 0.5439497549019607 0.03650980392156863 0.042509803921568556
0 0.2010343137254902 0.5485073529411765 0.025437908496731998 0.038649509803921456
0 0.22876470588235295 0.5492230392156863 0.021576797385620905 0.04401960784313719
0 0.2522712418300654 0.5537622549019607 0.022553921568627455 0.045682598039215705
0 0.27256045751633984 0.5447794117647058 0.019258169934640506 0.04231617647058816
0 0.2920767973856209 0.5484105392156863 0.0218333333333333 0.0407732843137254
0 0.3146307189542484 0.5481004901960784 0.0218333333333333 0.04270220588235296
0 0.34115032679738566 0.5521960784313725 0.02111274509803925 0.043476715686274536
0 0.3651993464052288 0.5450490196078431 0.02379084967320259 0.042623774509803924
0 0.39081699346405235 0.5495674019607844 0.02312091503267973 0.03543995098039221
0 0.42179084967320263 0.546438725490196 0.02482026143790857 0.0352071078431373
0 0.4438300653594771 0.5494718137254901 0.021318627450980454 0.04104166666666664
0 0.46767320261437906 0.5537218137254901 0.022967320261437923 0.046297794117647006
0 0.48976307189542484 0.5545906862745098 0.022967320261437923 0.043169117647058775
0 0.5116486928104574 0.5559620098039215 0.02409967320261434 0.04197303921568629
0 0.5344346405228758 0.5463406862745098 0.026416666666666682 0.03315686274509799
0 0.5614444444444444 0.5478088235294117 0.029454248366013108 0.03516666666666657
0 0.5952238562091503 0.5532573529411765 0.029351307189542524 0.04745465686274519
0 0.6222581699346404 0.5538737745098039 0.02348202614379084 0.03663848039215689
0 0.6448643790849674 0.5530857843137256 0.03007352941176474 0.03483088235294107
0 0.6659771241830066 0.554110294117647 0.02348202614379084 0.03432965686274514
0 0.693063725490196 0.5562928921568627 0.03130882352941189 0.03846323529411766
0 0.7210245098039216 0.5544387254901961 0.02636437908496732 0.038926470588235285
0 0.7482663398692811 0.5526801470588235 0.034501633986928106 0.045373774509803955
0 0.777514705882353 0.5538382352941176 0.03244117647058816 0.04259191176470578
0 0.7987303921568626 0.5546286764705883 0.027601307189542606 0.04138970588235291
0 0.8160833333333334 0.5481372549019607 0.029557189542483542 0.0376776960784313
0 0.8415735294117647 0.5589154411764706 0.023996732026143757 0.038379901960784224
0 0.8607287581699347 0.5593406862745098 0.02770424836601304 0.04247426470588245
0 0.876640522875817 0.5958578431372549 0.03573692810457511 0.04877083333333343
0 0.8307075163398694 0.5879595588235293 0.03810620915032666 0.04965808823529416
0 0.7919330065359477 0.5896017156862745 0.028218954248366106 0.051783088235294095
0 0.759826797385621 0.5933100490196078 0.03383169934640525 0.049468137254901956
0 0.7296764705882354 0.5919375 0.03130882352941189 0.0446384803921569
0 0.7059379084967321 0.5888480392156863 0.025232026143790758 0.04818995098039225
0 0.6794689542483661 0.5826862745098039 0.02914542483660128 0.04722181372549028
0 0.6603382352941176 0.5873406862745097 0.0319787581699346 0.046102941176470624
0 0.6293643790849673 0.5875919117647058 0.03367810457516344 0.04776470588235293
0 0.5892761437908497 0.5864718137254902 0.028888888888888964 0.048305147058823605
0 0.5638643790849672 0.5851004901960785 0.029660130718954274 0.05042892156862755
0 0.5371650326797385 0.5854865196078431 0.03156535947712413 0.04981127450980383
0 0.5084820261437908 0.588345588235294 0.027343137254901933 0.04996691176470591
0 0.47498529411764706 0.5862598039215686 0.02770424836601304 0.04857475490196084
0 0.44614705882352945 0.585718137254902 0.02471732026143784 0.047029411764705875
0 0.4184950980392157 0.5840379901960784 0.028733660130719024 0.04807230392156869
0 0.38399346405228757 0.583767156862745 0.02801307189542479 0.046139705882352944
0 0.35423039215686275 0.582530637254902 0.021936274509803955 0.04691176470588232
0 0.3298218954248366 0.5847328431372549 0.026571895424836584 0.04853553921568632
0 0.29781862745098037 0.5847524509803922 0.02559313725490194 0.05066053921568625
0 0.26267320261437904 0.5846115196078432 0.03069117647058824 0.05315931372549021
0 0.21020098039215687 0.5824583333333333 0.02955718954248369 0.04931372549019608
0 0.18563725490196079 0.5838676470588234 0.031720588235294146 0.048194852941176425
0 0.10219117647058823 0.5738615196078432 0.03197875816993464 0.04625857843137249
0 0.07845098039215687 0.611344362745098 0.03516993464052287 0.05355759803921578
0 0.14863888888888888 0.6414681372549019 0.031875816993464055 0.05263112745098031
0 0.1864101307189542 0.6434007352941176 0.028630718954248364 0.057189950980392146
0 0.2134705882352941 0.6489240196078432 0.028374183006535974 0.05757720588235293
0 0.23908823529411763 0.6450036764705882 0.02677777777777779 0.05390808823529403
0 0.265016339869281 0.6422218137254901 0.025181372549019605 0.05251593137254895
0 0.2928496732026144 0.6411593137254902 0.025849673202614405 0.054330882352941146
0 0.3276584967320261 0.6389571078431373 0.029660130718954236 0.051780637254901896
0 0.38389052287581693 0.6407928921568627 0.03213235294117641 0.05521936274509809
0 0.4159460784313726 0.6451384803921568 0.0319787581699346 0.05533823529411763
0 0.447795751633987 0.6451004901960785 0.035119281045751606 0.057115196078431296
0 0.5027924836601307 0.6492867647058824 0.03851797385620914 0.05529044117647053
0 0.528718954248366 0.6499669117647058 0.03290522875817 0.055262254901960794
0 0.5627303921568627 0.6475526960784314 0.03882679738562089 0.052981617647058776
0 0.5921339869281046 0.6452144607843137 0.03645751633986934 0.050856617647058844
0 0.6472843137254902 0.646375 0.03553104575163394 0.054564950980392046
0 0.6991405228758168 0.6437843137254902 0.03635457516339861 0.041042892156862854
0 0.736062091503268 0.6510465686274509 0.03419281045751621 0.03841911764705874
0 0.7613447712418301 0.6546017156862746 0.028527777777777708 0.04923774509803924
0 0.7854967320261438 0.6519178921568627 0.041607843137254776 0.05197916666666669
0 0.8176797385620915 0.6541776960784313 0.03275000000000006 0.05534191176470582
0 0.8418562091503268 0.6474558823529412 0.03352287581699335 0.05672916666666672
0 0.8726503267973856 0.6550649509803922 0.03516993464052298 0.04923774509803924
0 0.9035212418300653 0.6552022058823529 0.03573692810457511 0.05669362745098039
0 0.9518235294117647 0.6992561274509804 0.047065359477124126 0.06601593137254902
0 0.8992990196078431 0.6970649509803921 0.03161764705882349 0.05723039215686265
0 0.8702565359477125 0.6981262254901961 0.026674836601307206 0.054952205882353056
0 0.8423970588235293 0.6940514705882352 0.03305882352941166 0.05444730392156871
0 0.8104705882352942 0.6930674019607843 0.03254411764705889 0.055493872549019496
0 0.7795735294117647 0.6990661764705882 0.03192647058823539 0.06100245098039214
0 0.7528235294117646 0.702781862745098 0.0365098039215687 0.061248774509803816
0 0.7241666666666666 0.6863492647058823 0.03172058823529422 0.06175245098039217
0 0.6959477124183007 0.6886862745098039 0.039238562091503226 0.06341421568627448
0 0.6665179738562091 0.6916985294117647 0.03753921568627446 0.06271936274509815
0 0.6325571895424836 0.6902867647058823 0.03697222222222226 0.06012867647058817
0 0.5955081699346406 0.6837254901960784 0.037642156862745114 0.05720098039215693
0 0.5630408496732026 0.6921593137254902 0.032955882352941224 0.05993382352941179
0 0.5283333333333333 0.6911936274509805 0.029042483660130774 0.05475735294117645
0 0.4794640522875817 0.6881629901960784 0.03666339869281051 0.06213725490196076
0 0.4428529411764706 0.6861727941176471 0.03666339869281051 0.05746200980392158
0 0.4112859477124183 0.6881813725490197 0.03254411764705889 0.055917892156862825
0 0.37778921568627455 0.6881629901960784 0.029197712418300714 0.05518382352941176
0 0.34856535947712414 0.6826960784313726 0.024202614379084924 0.05328799019607833
0 0.31782352941176467 0.6887414215686275 0.03007352941176474 0.054952205882352834
0 0.29187091503267976 0.6861544117647059 0.02791013071895428 0.05765563725490197
0 0.2577303921568627 0.6857291666666667 0.03192647058823531 0.058196078431372644
0 0.22902124183006534 0.6888970588235294 0.026725490196078432 0.05850612745098038
0 0.19390196078431374 0.6936213235294117 0.03002124183006538 0.06100367647058813
0 0.1650653594771242 0.6935441176470588 0.026416666666666682 0.06525245098039223
0 0.13246895424836602 0.6864252450980391 0.03166830065359479 0.059125000000000094
0 0.04469771241830065 0.6593272058823529 0.03563398692810458 0.06007965686274508
0 0.08137581699346405 0.780594362745098 0.03440359477124183 0.06647916666666664
0 0.11919771241830064 0.7793541666666666 0.037269607843137265 0.07491666666666674
0 0.1540408496732026 0.7782781862745098 0.03285947712418299 0.0697867647058823
0 0.18849999999999997 0.7760024509803922 0.03363071895424833 0.06573161764705882
0 0.22339869281045752 0.7764583333333333 0.02999183006535951 0.07011642156862741
0 0.26105392156862745 0.7752598039215686 0.038482026143790815 0.07416911764705891
0 0.30091503267973857 0.7822916666666666 0.03749019607843137 0.0773161764705883
0 0.33697222222222223 0.7819595588235294 0.031535947712418334 0.07367647058823534
0 0.367625816993464 0.7781544117647059 0.03462418300653599 0.06705637254901964
0 0.4057777777777778 0.780719362745098 0.0414607843137255 0.07119485294117656
0 0.46477124183006535 0.7791887254901961 0.04101960784313722 0.07458578431372542
0 0.4973545751633987 0.7786519607843138 0.036718954248365986 0.08194730392156857
0 0.5914117647058824 0.7775772058823529 0.04024673202614378 0.08078799019607841
0 0.6278545751633987 0.7771629901960784 0.04565032679738564 0.07896813725490204
0 0.8165196078431373 0.7836960784313726 0.046532679738562045 0.07169117647058831
0 0.8500392156862745 0.7821250000000001 0.051383986928104676 0.07450245098039221
0 0.8891290849673203 0.7808811274509804 0.048848039215686256 0.06655759803921568
0 0.9170261437908497 0.7827009803921569 0.04311437908496737 0.0672193627450981
0 0.9466323529411765 0.7693370098039215 0.031535947712418334 0.03602696078431378
0 0.9690718954248366 0.7641678921568626 0.03605718954248379 0.03809191176470583