0 0.177758487654321 0.41289062499999996 0.021195023148148213 0.029926215277777724
0 0.19834346064814815 0.41123046875 0.020085841049382713 0.03232421874999991
0 0.21295331790123453 0.41123046875 0.017327353395061678 0.03028428819444451
0 0.22997685185185182 0.4094455295138889 0.022193287037037084 0.03434244791666674
0 0.2508680555555555 0.40801866319444446 0.021580825617283955 0.034809027777777724
0 0.2912326388888889 0.40667317708333334 0.024146412037037084 0.03440755208333335
0 0.31007426697530865 0.40653211805555556 0.01920814043209873 0.03765190972222221
0 0.33054349922839504 0.40633680555555557 0.02809124228395062 0.035026041666666674
0 0.3621166087962963 0.409423828125 0.02058256172839501 0.03039279513888893
0 0.37986834490740745 0.406640625 0.02012442129629625 0.03281249999999991
0 0.3976924189814815 0.4111599392361111 0.01862943672839516 0.03032769097222221
0 0.25833574459876546 0.4408854166666667 0.02134934413580251 0.031879340277777724
0 0.2503206983024691 0.46014539930555554 0.02161940586419749 0.035297309027777724
0 0.41178626543209873 0.40947265624999996 0.01721161265432099 0.02881944444444451
0 0.4253641010802469 0.40609809027777777 0.016560570987654327 0.02879774305555549
0 0.43951340663580246 0.4078179253472222 0.01514274691358016 0.02728949652777779
0 0.4582417052469136 0.4050021701388889 0.018706597222222232 0.03130425347222221
0 0.4802445023148148 0.4018337673611111 0.020775462962962916 0.03283420138888893
0 0.49699797453703703 0.403466796875 0.016483410493827105 0.02782118055555549
0 0.5119140624999999 0.4037000868055556 0.017708333333333215 0.026888020833333304
0 0.5275776427469135 0.4026909722222222 0.018706597222222232 0.03130425347222221
0 0.5435667438271605 0.40167100694444446 0.0174045138888889 0.03126085069444451
0 0.5640745563271605 0.4009874131944444 0.01614101080246903 0.031705729166666696
0 0.5815369405864198 0.4018663194444444 0.020852623456790138 0.03381076388888893
0 0.6010874807098766 0.40097113715277777 0.020163001543209862 0.03330078125000002
0 0.6222656249999999 0.4000217013888889 0.018899498456790138 0.03374565972222221
0 0.6539930555555555 0.4011555989583333 0.02180748456790127 0.02945963541666674
0 0.6722800925925926 0.3998155381944445 0.01740451388888875 0.03126085069444451
0 0.6876567322530865 0.3983289930555556 0.017250192901234602 0.02930772569444451
0 0.22040653935185187 0.4360622829861111 0.01858603395061727 0.021560329861111116
0 0.24043451003086422 0.4373426649305555 0.01671006944444442 0.02247178819444451
0 0.2808159722222222 0.43989257812500004 0.016367669753086418 0.02635633680555549
0 0.29824218750000003 0.4371202256944444 0.014105902777777827 0.022384982638888884
0 0.3148799189814815 0.4402180989583333 0.015374228395061751 0.03021918402777768
0 0.33770495756172836 0.43897026909722225 0.018706597222222232 0.03130425347222232
0 0.35698784722222227 0.437353515625 0.020852623456790138 0.03381076388888893
0 0.3748722029320988 0.43700086805555555 0.016025270061728342 0.030240885416666696
0 0.38860194830246914 0.4358127170138889 0.01671489197530862 0.03075086805555549
0 0.4027898341049383 0.4370442708333333 0.01866801697530862 0.03081597222222232
0 0.42149884259259257 0.43447265625 0.02253568672839501 0.030457899305555536
0 0.44099151234567896 0.43430989583333335 0.019777199074074048 0.028417968750000022
0 0.4974585262345679 0.434619140625 0.024604552469135694 0.031987847222222254
0 0.534203800154321 0.4338812934027778 0.025868055555555564 0.031542968749999956
0 0.5599199459876543 0.43302408854166663 0.02644193672839516 0.030588107638888973
0 0.5812114197530864 0.43474934895833334 0.020698302469135843 0.03185763888888893
0 0.5997878086419753 0.42974717881944446 0.018701774691357958 0.023025173611111116
0 0.6454378858024691 0.4272515190972222 0.02245370370370381 0.021202256944444442
0 0.6697530864197532 0.4317979600694445 0.02579089506172849 0.030566406249999956
0 0.6891541280864196 0.42457682291666665 0.018470293209876587 0.020095486111111116
0 0.7065972222222222 0.42569986979166663 0.023336226851851844 0.024153645833333348
0 0.7147810570987655 0.44539388020833337 0.02651909722222238 0.03156467013888897
0 0.6988474151234568 0.4498209635416667 0.02456597222222238 0.031499565972222254
0 0.6585045331790124 0.44678276909722225 0.027285879629629584 0.03305121527777777
0 0.6406949266975309 0.4502983940972222 0.022728587962962916 0.032899305555555536
0 0.6169343171296297 0.4469509548611111 0.023533950617284027 0.03487413194444444
0 0.5994502314814815 0.45045572916666665 0.02364969135802471 0.03633897569444444
0 0.5745394483024692 0.4493381076388889 0.0236111111111111 0.03585069444444444
0 0.556348861882716 0.4494574652777778 0.02364969135802471 0.03633897569444444
0 0.5257691936728395 0.45023328993055556 0.019743441358024565 0.036208767361111116
0 0.5099151234567901 0.4495442708333333 0.01966628086419764 0.035232204861111116
0 0.4903838734567902 0.4501953125 0.021272183641975435 0.030902777777777724
0 0.45740017361111107 0.4361979166666667 0.018783757716049305 0.03228081597222221
0 0.4680941358024691 0.45288628472222225 0.025641396604938322 0.03689236111111116
0 0.4391227816358025 0.45385199652777775 0.026827739197530825 0.03547092013888897
0 0.4210093557098766 0.4529947916666667 0.025409915123456805 0.03396267361111116
0 0.3894724151234568 0.4535590277777778 0.023688271604938176 0.03682725694444444
0 0.3714916087962963 0.4551323784722222 0.025409915123456805 0.03396267361111116
0 0.3464265046296296 0.45596788194444443 0.019550540123456805 0.033767361111111116
0 0.3216483410493827 0.45728081597222225 0.02430073302469138 0.03636067708333335
0 0.2985363618827161 0.4580512152777778 0.025448495370370416 0.03445095486111116
0 0.2812837577160494 0.4586263020833333 0.022921489197530825 0.035340711805555536
0 0.26690538194444446 0.4556966145833333 0.020736882716049454 0.03234592013888893
0 0.22904851466049383 0.4581759982638889 0.028858024691358047 0.03651258680555558
0 0.2078317901234568 0.4596137152777778 0.02625385802469138 0.036425781249999956
0 0.16702353395061728 0.4337022569444444 0.036935763888888896 0.03191189236111103
0 0.1495876736111111 0.45303276909722223 0.023341049382716045 0.03243272569444444
0 0.13442804783950618 0.4764268663194444 0.02682773919753086 0.03547092013888897
0 0.1218918788580247 0.4994900173611111 0.026866319444444436 0.03595920138888897
0 0.1054880401234568 0.5221950954861111 0.029282407407407396 0.04188368055555558
0 0.18601466049382717 0.5056315104166667 0.021387924382716045 0.032367621527777724
0 0.21230709876543208 0.5015896267361111 0.026634837962962916 0.03302951388888897
0 0.2359326774691358 0.5066460503472222 0.02380401234567901 0.03829210069444455
0 0.25655623070987654 0.5044976128472223 0.01862943672839501 0.03032769097222232
0 0.28328751929012347 0.5031195746527778 0.026943479938271658 0.03693576388888897
0 0.31447964891975305 0.5028103298611111 0.024262152777777768 0.03587239583333335
0 0.33730468750000003 0.5015625 0.0236111111111111 0.03585069444444433
0 0.35783179012345673 0.500634765625 0.021503665123456805 0.033832465277777724
0 0.377710262345679 0.49558919270833335 0.02610435956790121 0.04275173611111116
0 0.3987943672839506 0.4917209201388889 0.024758873456790138 0.03394097222222214
0 0.4163700810185185 0.49527452256944443 0.019970100308641953 0.030859375000000022
0 0.4380449459876543 0.49625651041666663 0.02901234567901234 0.03846571180555558
0 0.465600887345679 0.49265950520833335 0.028014081790123473 0.03404947916666656
0 0.491162712191358 0.4937554253472222 0.028477044753086506 0.039908854166666674
0 0.5135079089506173 0.4944715711805555 0.021354166666666636 0.04015842013888893
0 0.530762924382716 0.4897569444444444 0.02395351080246903 0.03196614583333335
0 0.5486858603395062 0.488916015625 0.022960069444444436 0.035828993055555536
0 0.5665870949074074 0.49245876736111116 0.019550540123456805 0.033767361111111116
0 0.5860050154320988 0.48913302951388893 0.024223572530864306 0.03538411458333335
0 0.6041377314814814 0.48974609375 0.022960069444444436 0.035828993055555536
0 0.6281659915123456 0.49381510416666663 0.0280189043209876 0.04232855902777777
0 0.6509717399691358 0.4928114149305555 0.027252121913580247 0.04084201388888886
0 0.6727237654320989 0.49281684027777783 0.026601080246913728 0.040820312499999956
0 0.696412037037037 0.48886176215277777 0.025409915123456805 0.03396267361111116
0 0.7222053433641976 0.4870279947916667 0.03192033179012347 0.0341796875
0 0.7535517939814816 0.484765625 0.031114969135802657 0.032204861111111205
0 0.16631703317901234 0.5289333767361111 0.03073881172839506 0.04388020833333339
0 0.19235628858024692 0.5322048611111111 0.02460937499999997 0.04026692708333335
0 0.21497395833333335 0.5253634982638888 0.02886284722222217 0.044791666666666785
0 0.24118441358024692 0.5305772569444445 0.02296489197530871 0.04410807291666652
0 0.2615210262345679 0.5279513888888889 0.025298996913580247 0.04077690972222214
0 0.2854576581790123 0.5249620225694445 0.031616512345679006 0.03855251736111098
0 0.3145616319444444 0.5264268663194445 0.027290702160493858 0.04133029513888875
0 0.3368152006172839 0.5200846354166667 0.028211805555555653 0.04476996527777777
0 0.3577425733024691 0.5223090277777778 0.03020351080246912 0.045323350694444375
0 0.3914255401234568 0.51923828125 0.03008777006172843 0.043858506944444375
0 0.4143831983024692 0.5204210069444444 0.024459876543209802 0.04659288194444455
0 0.43211082175925924 0.5261610243055554 0.024074074074073987 0.04171006944444455
0 0.45066792052469135 0.5214029947916667 0.025491898148148156 0.04321831597222214
0 0.4719039351851852 0.5197211371527778 0.02610435956790121 0.04275173611111116
0 0.48879484953703706 0.5155056423611111 0.027864583333333304 0.04037543402777777
0 0.5259982638888889 0.5171875 0.028708526234567877 0.04283854166666656
0 0.5456452546296297 0.5150716145833334 0.02687114197530871 0.04423828125000018
0 0.5721064814814815 0.5171115451388889 0.03154417438271606 0.04585503472222219
0 0.5943962191358024 0.5144205729166667 0.02813464506172843 0.04379340277777777
0 0.6148461612654321 0.5144694010416667 0.031428433641975374 0.04439019097222219
0 0.6396773726851852 0.520703125 0.030700231481481488 0.04339192708333339
0 0.663575424382716 0.5182020399305556 0.033955439814814824 0.04350043402777781
0 0.6924141589506173 0.5148057725694444 0.033994020061728435 0.04398871527777759
0 0.7184558256172839 0.5139377170138889 0.03131269290123454 0.04292534722222219
0 0.7419126157407407 0.5129123263888888 0.029050925925925952 0.03895399305555558
0 0.7664978780864198 0.5140407986111111 0.029205246913580396 0.04090711805555558
0 0.08465952932098765 0.5474826388888889 0.03671392746913582 0.045540364583333215
0 0.06397810570987655 0.5832356770833333 0.038589891975308634 0.044628906250000044
0 0.1451268325617284 0.5834526909722222 0.029933449074074064 0.041905381944444375
0 0.17252845293209876 0.5818088107638889 0.029899691358024727 0.04969618055555558
0 0.1959249614197531 0.5856553819444444 0.027869405864197505 0.04865451388888897
0 0.21754677854938273 0.5790907118055555 0.023924575617283967 0.048036024305555536
0 0.2382257908950617 0.5803493923611112 0.02373167438271606 0.045594618055555536
0 0.25869502314814813 0.5801540798611111 0.026605902777777784 0.04909939236111116
0 0.2843725887345679 0.57978515625 0.029938271604938265 0.05018446180555536
0 0.3099778163580247 0.5721137152777778 0.02905574845679008 0.047233072916666785
0 0.3377411265432098 0.5741102430555556 0.031004050925925952 0.03901909722222219
0 0.36529465663580246 0.5746527777777778 0.02614293981481482 0.04324001736111116
0 0.38982445987654324 0.5723741319444444 0.02629726080246912 0.04519314236111116
0 0.4128785686728395 0.5723361545138889 0.02955246913580245 0.04530164930555558
0 0.4381341628086419 0.5731987847222222 0.025916280864197578 0.04858940972222214
0 0.4585841049382717 0.5732476128472223 0.02714120370370369 0.047656249999999956
0 0.4813151041666666 0.5690809461805555 0.027483603395061767 0.04377170138888875
0 0.5080463927469135 0.5677029079861111 0.03391685956790121 0.04301215277777781
0 0.5401957947530864 0.5676052517361111 0.03614004629629634 0.04649522569444442
0 0.5666401427469135 0.5657497829861111 0.028477044753086506 0.039908854166666785
0 0.5900004822530863 0.5659450954861112 0.029475308641975378 0.04432508680555536
0 0.6139539930555555 0.5668511284722222 0.027864583333333453 0.04037543402777777
0 0.6400511188271606 0.5693901909722223 0.03188657407407399 0.04197048611111098
0 0.6660783179012345 0.5604871961805555 0.03491030092592595 0.039149305555555625
0 0.6939380787037037 0.5612630208333333 0.03686824845679008 0.047493489583333215
0 0.7231385030864198 0.5615071614583333 0.03407118055555536 0.04496527777777781
0 0.7451388888888889 0.5624782986111111 0.03276909722222202 0.044921875
0 0.7639081790123456 0.5550347222222223 0.035522762345679006 0.03868272569444464
0 0.7894844714506174 0.5641655815972222 0.03020351080246897 0.045323350694444375
0 0.8062982253086419 0.5609266493055556 0.033994020061728136 0.04398871527777781
0 0.8205222800925925 0.598681640625 0.04295910493827174 0.05061848958333348
0 0.7739197530864198 0.5926866319444445 0.04246238425925952 0.052549913194444464
0 0.734129050925926 0.5949869791666667 0.040586419753086446 0.05346137152777786
0 0.705078125 0.6010687934027777 0.03637152777777786 0.04942491319444442
0 0.6738474151234568 0.6018663194444445 0.04035493827160478 0.05053168402777786
0 0.6486689814814816 0.600027126736111 0.032426697530864246 0.04880642361111098
0 0.6250409915123457 0.5991102430555555 0.034341242283950635 0.04838324652777759
0 0.6018518518518519 0.6008572048611112 0.03970389660493826 0.05050998263888884
0 0.5712721836419753 0.601633029513889 0.04035493827160493 0.05053168402777786
0 0.5340687692901235 0.5999511718749999 0.03564332561728397 0.048426649305555625
0 0.5080078124999999 0.6010633680555555 0.036603009259259224 0.05235460069444464
0 0.4812572337962963 0.602685546875 0.03480420524691352 0.05424262152777781
0 0.45169029706790126 0.607080078125 0.03461130401234561 0.05180121527777781
0 0.4185450424382717 0.6074544270833333 0.031394675925925895 0.05218098958333339
0 0.38861641589506174 0.6082085503472222 0.03192997685185187 0.05073784722222219
0 0.36008632330246915 0.6076985677083333 0.034649884259259224 0.05228949652777781
0 0.32623215663580246 0.6088270399305555 0.03162133487654314 0.04683159722222219
0 0.29787326388888885 0.6102593315972222 0.029248649691357986 0.049674479166666785
0 0.26911168981481487 0.6126790364583333 0.030285493827160465 0.05457899305555558
0 0.23816792052469138 0.6139539930555555 0.034727044753086446 0.05326605902777781
0 0.2046971450617284 0.6143391927083334 0.03695023148148143 0.05674913194444442
0 0.15257523148148147 0.6165635850694444 0.029325810185185208 0.050651041666666785
0 0.12563175154320988 0.6206271701388888 0.032696759259259266 0.05222439236111098
0 0.040159625771604944 0.6134928385416667 0.03844039351851852 0.05095486111111125
0 0.018430507330246915 0.6513726128472221 0.03686101466049383 0.05800781250000009
0 0.08458236882716048 0.6799479166666667 0.0389033564814815 0.05681423611111125
0 0.12042582947530865 0.6824055989583333 0.03794849537037037 0.061165364583333215
0 0.14891734182098768 0.6834038628472222 0.03128375771604941 0.058995225694444375
0 0.17467206790123457 0.682058376736111 0.0330439814814815 0.05661892361111098
0 0.2019820601851852 0.6733561197916667 0.03350212191358026 0.05419921875
0 0.22922935956790125 0.6736653645833334 0.0353057484567901 0.06059027777777781
0 0.2662446952160494 0.6695095486111111 0.03832947530864198 0.05776909722222223
0 0.3235556520061728 0.6673556857638889 0.04487847222222219 0.05847439236111107
0 0.35537712191358023 0.6714084201388889 0.0385609567901235 0.06069878472222223
0 0.3885416666666666 0.6707899305555556 0.03859953703703697 0.06118706597222223
0 0.44137008101851855 0.6719509548611111 0.04997106481481476 0.05718315972222232
0 0.4717785493827161 0.6692328559027778 0.04162326388888893 0.05836588541666665
0 0.504542824074074 0.6654622395833334 0.04288676697530865 0.057921006944444464
0 0.5340133101851853 0.6622884114583334 0.042963927469135875 0.058897569444444464
0 0.5886429398148149 0.6611979166666666 0.04280960648148143 0.056944444444444464
0 0.6761284722222222 0.6633951822916666 0.03755787037037036 0.04800347222222223
0 0.7053674768518517 0.6631510416666666 0.03461130401234591 0.05180121527777759
0 0.7279827353395062 0.66044921875 0.04480131172839504 0.05749782986111107
0 0.7606312692901235 0.6581434461805555 0.03584104938271615 0.05914713541666661
0 0.7868103780864196 0.6514268663194445 0.04564525462962976 0.05996093750000009
0 0.8417824074074075 0.6542209201388889 0.05786072530864198 0.05842013888888897
0 0.00038821373456790487 0.703195529513889 0.0007764274691358097 0.06184895833333348
0 0.05709876543209877 0.7237196180555556 0.042930169753086424 0.06668836805555545
0 0.097094425154321 0.73115234375 0.038450038580246905 0.06751302083333321
0 0.12470823688271605 0.7268229166666667 0.04070698302469137 0.06320529513888884
0 0.16101466049382715 0.7234212239583333 0.042009066358024705 0.06324869791666665
0 0.19399112654320985 0.7169650607638889 0.039790702160493886 0.06804470486111103
0 0.22579571759259257 0.7171223958333334 0.0385609567901235 0.06069878472222223
0 0.25394483024691356 0.7142361111111111 0.03749035493827161 0.06358506944444442
0 0.283569637345679 0.7091091579861111 0.03986786265432096 0.06902126736111125
0 0.31322579089506175 0.7159125434027778 0.0428144290123457 0.06522352430555545
0 0.34715711805555555 0.7138075086805555 0.04465181327160487 0.06382378472222228
0 0.3776427469135803 0.7101128472222222 0.04377411265432111 0.06915147569444446
0 0.41716338734567904 0.71123046875 0.04434799382716056 0.06819661458333348
0 0.46480275848765434 0.7123209635416667 0.03691647376543209 0.06453993055555562
0 0.49932725694444446 0.7109266493055556 0.0422019675925925 0.06569010416666665
0 0.5325520833333334 0.7054361979166666 0.04239004629629628 0.05985243055555545
0 0.5716893325617284 0.7072970920138888 0.04714023919753085 0.06244574652777768
0 0.6069227430555556 0.7051486545138889 0.04377411265432096 0.06915147569444446
0 0.6357036072530864 0.7024848090277778 0.04128086419753085 0.06225043402777786
0 0.6617476851851852 0.6974772135416667 0.03802565586419752 0.062141927083333215
0 0.6941960841049383 0.7100314670138889 0.0500144675925925 0.0659505208333333
0 0.7196277006172839 0.7045572916666667 0.04269868827160472 0.06375868055555545
0 0.7474898726851853 0.7011935763888889 0.04170042438271615 0.05934244791666665
0 0.7821108217592592 0.6985785590277778 0.04173900462962976 0.05983072916666665
0 0.8113498263888889 0.6983344184027778 0.038908179012345556 0.06509331597222223
0 0.8366849922839507 0.6940809461805555 0.04499903549382722 0.06821831597222205
0 0.8685233410493827 0.7020290798611111 0.04583815586419752 0.06240234375000009
0 0.8945867091049383 0.69677734375 0.04725597993827139 0.06391059027777768
0 0.013949170524691362 0.8234646267361112 0.027898341049382724 0.06848958333333321
0 0.043906732253086424 0.8208279079861112 0.03623167438271605 0.07230902777777759
0 0.07986593364197532 0.8218207465277778 0.041290509259259256 0.07880859374999982
0 0.11705488040123457 0.8154676649305556 0.04198013117283953 0.07931857638888884
0 0.15062210648148147 0.8138617621527777 0.03803530092592592 0.07870008680555562
0 0.18677420910493828 0.8124131944444445 0.04799382716049383 0.08146701388888888
0 0.22803578317901238 0.8161512586805555 0.038990162037037056 0.07434895833333321
0 0.2644555362654321 0.8154242621527777 0.0410204475308642 0.07539062500000004
0 0.29972752700617283 0.8127875434027778 0.042283950617283995 0.07494574652777786
0 0.337890625 0.8105414496527779 0.04531249999999994 0.08040364583333348
0 0.3956621334876543 0.8066677517361112 0.04967689043209885 0.07811414930555571
0 0.4291184413580247 0.7982476128472222 0.043971836419752997 0.07987196180555545
0 0.47148919753086416 0.8043836805555555 0.05059317129629637 0.0732747395833333
0 0.5216049382716049 0.794677734375 0.04845196759259259 0.07904730902777768
0 0.5624638310185185 0.7994032118055555 0.05733989197530868 0.08470052083333335
0 0.7494092399691358 0.7919542100694444 0.056336805555555536 0.07200520833333335
0 0.7896026234567901 0.7886664496527778 0.05645254629629637 0.07347005208333335
0 0.8227864583333333 0.7878038194444444 0.06545138888888886 0.07230902777777781
0 0.8518928433641975 0.7851291232638888 0.05993441358024695 0.06822916666666679
0 0.8838324652777777 0.7835774739583333 0.054036458333333336 0.06754557291666674
0 0.9074146412037036 0.7645290798611111 0.03490547839506183 0.03087022569444442