0 0.21276307189542484 0.4160379901960784 0.018232026143790863 0.028976715686274468
0 0.23337091503267973 0.4154558823529412 0.01697058823529411 0.03130392156862749
0 0.24786764705882355 0.4161470588235294 0.013964052287581685 0.0296311274509804
0 0.26493627450980395 0.4150563725490196 0.019006535947712438 0.03355882352941175
0 0.2857369281045752 0.4145833333333333 0.0181339869281046 0.03392279411764709
0 0.3263218954248366 0.41531127450980393 0.0207532679738562 0.0336323529411765
0 0.34503758169934645 0.4159656862745098 0.015127450980392107 0.036687499999999984
0 0.36540196078431375 0.4166936274509804 0.024437908496732035 0.03377818627450979
0 0.3972107843137254 0.4211299019607843 0.017648692810457483 0.029560049019607848
0 0.4149558823529412 0.4192389705882353 0.01706699346405231 0.03188725490196076
0 0.4328970588235294 0.42462254901960783 0.01571078431372556 0.029562500000000047
0 0.295140522875817 0.4480171568627451 0.018104575163398657 0.03088848039215686
0 0.2880490196078431 0.4669828431372549 0.01793790849673201 0.034279411764705836
0 0.44702777777777775 0.42364460784313723 0.014016339869281117 0.027947303921568634
0 0.46046078431372545 0.420765931372549 0.013849673202614396 0.028196078431372507
0 0.4748104575163399 0.42326715686274513 0.012514705882352928 0.026816176470588204
0 0.4934150326797386 0.4213897058823529 0.01568464052287588 0.030569852941176423
0 0.5151503267973856 0.4190110294117647 0.01760457516339864 0.03182107843137261
0 0.5320441176470588 0.42163970588235294 0.013849673202614396 0.02731617647058826
0 0.5470212418300654 0.422515931372549 0.01526797385620915 0.026063725490196088
0 0.5626225490196078 0.422078431372549 0.015434640522875872 0.030444852941176492
0 0.578766339869281 0.421859068627451 0.014183006535947692 0.030382352941176416
0 0.5992075163398692 0.42223406862745094 0.013014705882352947 0.031133578431372544
0 0.6166029411764706 0.4238308823529412 0.01726960784313721 0.03319975490196081
0 0.6361683006535948 0.42398774509803916 0.016852941176470626 0.032387254901960816
0 0.657359477124183 0.42398774509803916 0.015184640522875862 0.03313725490196073
0 0.6893415032679738 0.42655024509803924 0.018560457516339984 0.028395833333333287
0 0.7075653594771242 0.4260441176470588 0.014511437908496738 0.030421568627450934
0 0.7226666666666667 0.42522181372549017 0.014341503267973899 0.0287757352941177
0 0.2569313725490196 0.44141176470588234 0.016282679738562084 0.020914215686274495
0 0.27688398692810456 0.44362745098039214 0.014173202614379118 0.021547794117647068
0 0.3177173202614379 0.44799509803921567 0.013834967320261423 0.025727941176470592
0 0.33501143790849675 0.4460955882352941 0.011980392156862715 0.02192892156862747
0 0.351673202614379 0.4498933823529412 0.012401960784313696 0.029525735294117617
0 0.37441013071895424 0.449703431372549 0.015354575163398701 0.030664215686274532
0 0.3936437908496732 0.4489448529411765 0.017379084967320324 0.03294240196078435
0 0.41157189542483663 0.4494485294117647 0.01324509803921566 0.029395833333333288
0 0.425281045751634 0.4490061274509804 0.013834967320261496 0.03002818627450976
0 0.43975000000000003 0.45093382352941175 0.015437908496731989 0.030088235294117638
0 0.45826797385620915 0.4492254901960784 0.019571895424836654 0.029707107843137237
0 0.47775653594771245 0.44988970588235294 0.01704084967320263 0.027618872549019624
0 0.5344493464052288 0.4528014705882353 0.02109150326797386 0.031165441176470576
0 0.571063725490196 0.4538774509803921 0.022441176470588225 0.030279411764705833
0 0.5968790849673203 0.45403553921568623 0.02345261437908504 0.029457107843137265
0 0.6180964052287582 0.4567573529411765 0.017294117647058755 0.03110416666666671
0 0.6365294117647059 0.4526102941176471 0.016197712418300664 0.022430147058823513
0 0.6820441176470587 0.4523566176470588 0.02066993464052273 0.020405637254901965
0 0.7067205882352942 0.4581176470588235 0.022947712418300625 0.02964828431372546
0 0.7259133986928105 0.45178676470588236 0.016282679738562084 0.01926593137254906
0 0.7431666666666668 0.4536862745098039 0.020923202614379004 0.023063725490196085
0 0.7527418300653594 0.47383700980392157 0.0232009803921569 0.030405637254901974
0 0.7367549019607842 0.477421568627451 0.021259803921568714 0.030292892156862705
0 0.6961748366013073 0.4726433823529412 0.0241274509803923 0.03174509803921566
0 0.6787957516339868 0.47520588235294114 0.019741830065359345 0.031936274509803964
0 0.6545833333333334 0.4708075980392157 0.0199101307189542 0.03414950980392162
0 0.6372467320261438 0.47356127450980395 0.020163398692810475 0.03548039215686272
0 0.612485294117647 0.4710906862745098 0.02024673202614376 0.03509558823529413
0 0.5942630718954248 0.4704583333333333 0.02024673202614376 0.0353492647058824
0 0.5634705882352941 0.46976225490196083 0.016366013071895374 0.03547549019607843
0 0.5476944444444444 0.46843259803921566 0.016197712418300664 0.034334558823529426
0 0.527952614379085 0.46808455882352945 0.01822222222222229 0.030220588235294166
0 0.494375816993464 0.4524852941176471 0.015861111111111104 0.03129166666666672
0 0.5059330065359476 0.46988848039215686 0.021766339869281115 0.0357279411764706
0 0.476954248366013 0.46935049019607844 0.02303104575163406 0.03427205882352946
0 0.4588578431372549 0.46767279411764706 0.021766339869281115 0.03281495098039211
0 0.42713725490196075 0.46681985294117645 0.020078431372549055 0.03604289215686274
0 0.4092091503267974 0.46761029411764704 0.022187908496732096 0.03268872549019608
0 0.38406862745098036 0.4672941176470588 0.016450980392156794 0.03281495098039211
0 0.3593496732026143 0.467484068627451 0.020669934640522875 0.03547303921568623
0 0.3362761437908497 0.46710416666666665 0.022102941176470565 0.03319485294117652
0 0.31906699346405226 0.4669142156862745 0.01906699346405231 0.034334558823529426
0 0.3044705882352941 0.46317892156862744 0.01721078431372547 0.03142034313725495
0 0.26684477124183004 0.4638762254901961 0.024972222222222246 0.03509191176470583
0 0.24554248366013073 0.46450857843137255 0.022356209150326805 0.03559803921568627
0 0.20315032679738562 0.43654166666666666 0.033745098039215694 0.030154411764705902
0 0.18686764705882353 0.4550857843137255 0.020416666666666677 0.03155759803921565
0 0.173031045751634 0.477859068627451 0.023116013071895408 0.0345845588235294
0 0.1615996732026144 0.5004852941176471 0.023031045751634005 0.03466053921568624
0 0.1464983660130719 0.5225000000000001 0.02522549019607845 0.040726715686274506
0 0.22644771241830064 0.5095477941176471 0.018364379084967315 0.03137377450980394
0 0.2525686274509804 0.5068223039215687 0.023491830065359487 0.031762254901960774
0 0.27625490196078434 0.5129816176470589 0.02024673202614376 0.03736397058823532
0 0.2967941176470588 0.5116899509803922 0.015769607843137228 0.029817401960784362
0 0.3234656862745098 0.5115441176470588 0.023166666666666707 0.035950980392156884
0 0.35480882352941173 0.512859068627451 0.020831699346405202 0.035075980392156814
0 0.37755392156862744 0.512469362745098 0.019986928104575103 0.034881127450980376
0 0.39812581699346405 0.5126642156862745 0.018300653594771177 0.03293382352941182
0 0.41785294117647065 0.5085269607843137 0.02193464052287582 0.041596813725490234
0 0.4385555555555556 0.5055539215686274 0.021285947712418245 0.03273161764705884
0 0.4563366013071896 0.5100330882352941 0.017132352941176432 0.030007352941176457
0 0.47814052287581693 0.5118835784313726 0.02491993464052289 0.037213235294117686
0 0.5055588235294117 0.5096433823529412 0.024854575163398767 0.03273406862745093
0 0.5314183006535947 0.5119080882352941 0.024789215686274495 0.03872303921568632
0 0.5538071895424836 0.5137585784313726 0.01739215686274509 0.03950245098039212
0 0.570906862745098 0.5096188725490196 0.020831699346405202 0.0312242647058823
0 0.588720588235294 0.5096200980392157 0.01946895424836607 0.0347291666666667
0 0.6067287581699347 0.5139767156862746 0.016158496732026073 0.033223039215686256
0 0.6260343137254901 0.5116397058823529 0.02089542483660134 0.03438970588235296
0 0.6441078431372549 0.5131004901960784 0.019272875816993402 0.034975490196078374
0 0.6684428104575163 0.5182622549019609 0.023946078431372603 0.041209558823529446
0 0.6914803921568627 0.5184080882352942 0.0232973856209151 0.039748774509803964
0 0.7131879084967321 0.5193088235294118 0.022712418300653663 0.03950612745098042
0 0.7367434640522875 0.516484068627451 0.02193464052287582 0.03268872549019619
0 0.7624738562091503 0.515875 0.028617647058823675 0.03293137254901962
0 0.7935261437908497 0.5150955882352941 0.028034313725490218 0.030789215686274518
0 0.20792156862745095 0.5321838235294117 0.026477124183006556 0.042770833333333425
0 0.23420261437908496 0.5366139705882353 0.020635620915032682 0.039365196078431364
0 0.25626797385620914 0.5306997549019608 0.024271241830065387 0.04359803921568628
0 0.28310130718954246 0.5373198529411765 0.018364379084967315 0.043406862745098085
0 0.30302287581699344 0.5354215686274509 0.02122058823529412 0.03960784313725485
0 0.3269052287581699 0.5335955882352942 0.027709150326797365 0.037416666666666654
0 0.3560751633986928 0.5364681372549019 0.023361111111111093 0.04024142156862753
0 0.3780081699346405 0.531063725490196 0.02362091503267975 0.04345220588235299
0 0.39932679738562094 0.5342536764705883 0.025374183006535933 0.044281862745098044
0 0.43287745098039215 0.532938725490196 0.025892156862745114 0.04281985294117652
0 0.4557516339869281 0.5350563725490196 0.019857843137254843 0.04559558823529408
0 0.473921568627451 0.5417254901960784 0.01959803921568633 0.0408284313725491
0 0.49215686274509807 0.5376360294117647 0.021026143790849734 0.04199509803921564
0 0.513313725490196 0.5369546568627451 0.021674836601307163 0.04180024509803926
0 0.5301535947712418 0.5335955882352942 0.023816993464052267 0.03916911764705877
0 0.5676290849673202 0.5369546568627451 0.024400326797385574 0.04180024509803926
0 0.5871307189542483 0.5358590686274509 0.022517973856209128 0.043405637254901874
0 0.6135751633986928 0.5390735294117647 0.026736928104575213 0.04457598039215682
0 0.6358986928104574 0.5374901960784314 0.023880718954248408 0.04287132352941181
0 0.6564052287581699 0.5384154411764707 0.027125816993463985 0.042969362745097994
0 0.6816486928104575 0.5459620098039216 0.026217320261438044 0.042291666666666616
0 0.7054330065359476 0.5444767156862745 0.0293970588235295 0.041949754901960734
0 0.734017973856209 0.5424080882352942 0.029331699346405078 0.04277696078431381
0 0.7599754901960784 0.5426017156862745 0.02712581699346413 0.04141299019607847
0 0.7834673202614378 0.5428933823529412 0.025049019607843153 0.03790808823529401
0 0.8083872549019607 0.5450845588235295 0.025049019607843153 0.03995465686274513
0 0.12715359477124183 0.5468223039215686 0.032161764705882355 0.044095588235294025
0 0.10840686274509805 0.5818370098039215 0.034200980392156875 0.04281985294117652
0 0.1897892156862745 0.5857769607843136 0.02565032679738562 0.040817401960784316
0 0.21708660130718951 0.5855134803921569 0.024709150326797397 0.04840808823529419
0 0.24054084967320258 0.5903970588235294 0.022669934640522877 0.0475870098039215
0 0.26187745098039217 0.5846850490196078 0.019218954248365987 0.04710539215686271
0 0.28278267973856214 0.5869215686274509 0.019140522875817023 0.044517156862745155
0 0.30333333333333334 0.5877450980392157 0.021650326797385617 0.04828431372549025
0 0.32882679738562093 0.5885110294117647 0.0246307189542484 0.049107843137254914
0 0.35416503267973853 0.5820955882352941 0.024473856209150362 0.0461629901960785
0 0.38205065359477125 0.5852720588235294 0.027062091503267993 0.03768995098039207
0 0.4098578431372549 0.5872745098039216 0.021964052287581765 0.0423995098039216
0 0.4342532679738562 0.5860968137254902 0.02180718954248369 0.044281862745098044
0 0.45715849673202613 0.5870980392156863 0.02478758169934636 0.04416421568627449
0 0.4826911764705883 0.5890992647058824 0.020787581699346358 0.04746078431372558
0 0.503125816993464 0.5900404411764705 0.022591503267973916 0.046519607843137356
0 0.5256372549019608 0.5871274509803922 0.02337581699346399 0.042458333333333265
0 0.5525032679738563 0.5868615196078432 0.029571895424836587 0.04157475490196072
0 0.5844297385620915 0.5881556372549019 0.03129901960784309 0.04486764705882362
0 0.6109820261437908 0.5876825980392156 0.024630718954248437 0.038980392156862775
0 0.6343578431372549 0.5889779411764706 0.025258169934640584 0.04298284313725498
0 0.6582434640522875 0.5910367647058823 0.023611111111111176 0.03933455882352943
0 0.6846388888888888 0.5947144607843137 0.027924836601307252 0.04068995098039219
0 0.7103676470588235 0.5869166666666666 0.03090522875817007 0.037449754901960786
0 0.7381748366013072 0.5891838235294117 0.032397058823529314 0.045866421568627525
0 0.7675130718954248 0.5905661764705883 0.029885620915032735 0.04333578431372542
0 0.7893986928104574 0.5925968137254902 0.028473856209150366 0.043513480392156856
0 0.8077924836601307 0.5859754901960784 0.03184803921568621 0.036977941176470575
0 0.834187908496732 0.5965392156862745 0.025807189542483695 0.04433946078431372
0 0.850779411764706 0.5939791666666666 0.029336601307189625 0.0423970588235294
0 0.8669771241830064 0.6324607843137255 0.037730392156862656 0.048761029411764634
0 0.8201470588235295 0.6242218137254901 0.037259803921568725 0.05063970588235289
0 0.7804166666666665 0.6248688725490197 0.035455882352941316 0.05193382352941178
0 0.7516290849673203 0.6295183823529411 0.03153431372549006 0.04781740196078421
0 0.7203300653594771 0.628781862745098 0.03529901960784324 0.048817401960784323
0 0.694954248366013 0.6258100490196078 0.02737581699346414 0.04746200980392157
0 0.6712254901960785 0.62375 0.029336601307189552 0.04687132352941181
0 0.648281045751634 0.6246029411764706 0.03474999999999998 0.04893137254901969
0 0.6176503267973856 0.6239264705882352 0.03514215686274502 0.0486360294117647
0 0.580312091503268 0.6205428921568628 0.03106372549019613 0.04716299019607839
0 0.5542696078431373 0.6202487745098039 0.03169117647058828 0.05081127450980394
0 0.5275980392156863 0.6206899509803921 0.029650326797385624 0.05275367647058826
0 0.49794771241830066 0.6238676470588236 0.029650326797385624 0.05063725490196069
0 0.46500163398692806 0.6225735294117647 0.02588562091503273 0.050871323529411816
0 0.4348807189542483 0.6220134803921569 0.026826797385620882 0.049400735294117704
0 0.40628921568627446 0.6200428921568628 0.029415032679738513 0.05075245098039205
0 0.37251960784313726 0.6196299019607844 0.026826797385620882 0.04569117647058829
0 0.34428104575163393 0.619719362745098 0.024003267973856175 0.048339460784313726
0 0.31549183006535947 0.6207781862745099 0.024787581699346434 0.05328308823529415
0 0.2847042483660131 0.620719362745098 0.029571895424836587 0.05175367647058815
0 0.25105228758169934 0.6195723039215686 0.03098366013071896 0.055460784313725586
0 0.1989281045751634 0.6193958333333334 0.024160130718954214 0.04945710784313717
0 0.17217973856209148 0.6222794117647059 0.027140522875817013 0.05098897058823537
0 0.0862859477124183 0.6111580882352942 0.033259803921568624 0.04922058823529407
0 0.062125816993464054 0.6478995098039215 0.03953431372549019 0.055988970588235265
0 0.13448856209150328 0.6799350490196079 0.033181372549019615 0.05510906862745091
0 0.17061111111111113 0.6838480392156863 0.031534313725490204 0.059761029411764754
0 0.1991633986928105 0.6862879901960783 0.02510130718954251 0.05757965686274513
0 0.22473529411764706 0.6860232843137255 0.02729738562091503 0.05528431372549014
0 0.251718954248366 0.6787549019607844 0.028081699346405253 0.05310294117647052
0 0.2790947712418301 0.6802855392156862 0.029179738562091478 0.05898774509803917
0 0.3159624183006536 0.677813725490196 0.03231862745098043 0.0561617647058823
0 0.37299019607843137 0.6782843137254903 0.039063725490196134 0.0563982843137254
0 0.4053480392156863 0.683875 0.03271078431372546 0.05910784313725492
0 0.43833169934640526 0.6848174019607842 0.03231862745098043 0.059579656862745134
0 0.4913986928104575 0.6882879901960784 0.04432026143790857 0.055226715686274463
0 0.5216372549019608 0.6871703431372549 0.035612745098039245 0.05652083333333335
0 0.5541519607843137 0.6847279411764706 0.03710294117647065 0.056225490196078365
0 0.5835277777777778 0.6829338235294117 0.037024509803921614 0.057224264705882266
0 0.6382009803921568 0.6843455882352941 0.03718137254901954 0.05510661764705893
0 0.7262124183006535 0.6906997549019608 0.03294607843137243 0.0466360294117647
0 0.7552761437908497 0.6918186274509803 0.029415032679738513 0.05028553921568624
0 0.7778284313725491 0.6900833333333333 0.03922058823529421 0.05563970588235301
0 0.8104591503267974 0.6894362745098039 0.0301209150326797 0.0578749999999999
0 0.836266339869281 0.6839926470588236 0.03937745098039228 0.05793137254901959
0 0.8914117647058823 0.6893480392156862 0.05177124183006546 0.055933823529411786
0 0.02988562091503268 0.6982328431372549 0.03765196078431373 0.060290441176470644
0 0.10938725490196079 0.7224754901960784 0.03616176470588236 0.06500490196078434
0 0.14994117647058822 0.7318443627450981 0.031612745098039206 0.06609436274509806
0 0.17716013071895423 0.7286593137254902 0.03427941176470589 0.061397058823529305
0 0.21343954248366012 0.7270600490196079 0.03576960784313724 0.06146568627450977
0 0.24599346405228759 0.7220588235294118 0.03310294117647058 0.06628799019607845
0 0.27783986928104576 0.7237046568627451 0.03231862745098043 0.058991421568627356
0 0.30584477124183007 0.7221164215686274 0.030905228758169923 0.0621691176470589
0 0.33545588235294116 0.7183504901960784 0.033181372549019574 0.06734558823529402
0 0.36545915032679743 0.7265600490196078 0.036240196078431396 0.06364215686274521
0 0.3995032679738562 0.7260882352941177 0.03843627450980399 0.06199387254901967
0 0.42958660130718956 0.7237941176470588 0.03694607843137258 0.06728799019607834
0 0.4694346405228758 0.7265894607843137 0.03757352941176473 0.06617156862745088
0 0.5172058823529412 0.7299424019607843 0.030513071895424886 0.06299632352941176
0 0.551718954248366 0.7301789215686275 0.03553431372549021 0.06417279411764709
0 0.5845081699346405 0.7261764705882353 0.03616176470588236 0.058285539215686244
0 0.6239640522875817 0.7298247549019607 0.04071078431372547 0.0606421568627451
0 0.6590277777777778 0.7293848039215686 0.03694607843137258 0.0671740196078432
0 0.6877369281045751 0.7281176470588234 0.035063725490195985 0.060758578431372445
0 0.7135441176470589 0.7241752450980392 0.032083333333333464 0.0606372549019607
0 0.7466078431372548 0.7384754901960784 0.043142156862745175 0.06382352941176461
0 0.7720228758169934 0.7339436274509803 0.03608333333333332 0.06181985294117642
0 0.799516339869281 0.7318835784313725 0.03553431372549021 0.05769975490196089
0 0.8343055555555555 0.7308541666666667 0.03592647058823525 0.05811151960784322
0 0.8633300653594772 0.7321495098039216 0.03231862745098043 0.06352573529411765
0 0.8887450980392156 0.7289424019607843 0.03796568627450991 0.0666421568627451
0 0.9208660130718954 0.7385036764705881 0.03961274509803925 0.06070465686274518
0 0.9466339869281045 0.734296568627451 0.04078921568627436 0.06181985294117642
0 0.06651797385620915 0.8202450980392156 0.031848039215686276 0.06710784313725493
0 0.10162091503267973 0.8193627450980392 0.029101307189542475 0.07099019607843138
0 0.13770424836601305 0.8220710784313726 0.03349509803921569 0.07711274509803911
0 0.17468954248366012 0.8172953431372549 0.034044117647058815 0.07779779411764709
0 0.20814542483660128 0.8173075980392156 0.029885620915032662 0.07746936274509797
0 0.24426797385620916 0.8175134803921569 0.03953431372549021 0.0796470588235294
0 0.28580228758169934 0.8232218137254902 0.03129901960784317 0.07270588235294118
0 0.3220424836601307 0.8242512254901961 0.033181372549019615 0.07370710784313728
0 0.3574591503267974 0.8230453431372549 0.03482843137254902 0.07305882352941184
0 0.3955424836601307 0.8227622549019608 0.03710294117647065 0.07884926470588227
0 0.4531568627450981 0.821453431372549 0.041730392156862806 0.07623161764705877
0 0.48610294117647057 0.8145416666666666 0.03608333333333332 0.07829166666666665
0 0.5288545751633987 0.822718137254902 0.04345751633986931 0.07134681372549023
0 0.578468954248366 0.815281862745098 0.040553921568627395 0.07730024509803912
0 0.6197287581699346 0.8219497549019608 0.048712418300653614 0.08216544117647051
0 0.806705882352941 0.8232610294117647 0.04907189542483673 0.06960171568627449
0 0.8468529411764706 0.8217034313725491 0.049155228758169876 0.07097058823529423
0 0.8799411764705881 0.8222953431372549 0.058537581699346454 0.06953799019607843
0 0.9088790849673202 0.8210171568627451 0.05314052287581698 0.06586274509803913
0 0.9408464052287581 0.8209240196078431 0.047328431372548906 0.06530147058823532
0 0.963514705882353 0.8029791666666667 0.031883986928104534 0.02941176470588225