0 0.24826388888888887 0.42695312500000004 0.021484375 0.029926215277777724
0 0.2686848958333333 0.42666015625 0.02039930555555558 0.03232421874999991
0 0.2833767361111111 0.42763671875 0.01762152777777774 0.03028428819444451
0 0.30019531250000003 0.4269802517361111 0.022526041666666607 0.03434244791666674
0 0.3209635416666667 0.42694227430555554 0.021918402777777752 0.034809027777777724
0 0.361328125 0.42828776041666666 0.024479166666666607 0.03440755208333335
0 0.38025173611111107 0.42940538194444444 0.01957465277777774 0.03765190972222221
0 0.4008029513888889 0.43057725694444443 0.028428819444444493 0.035026041666666674
0 0.4330729166666667 0.435791015625 0.02087673611111107 0.03039279513888893
0 0.4504557291666667 0.4341796875 0.020442708333333393 0.03281249999999991
0 0.4691406249999999 0.4399142795138889 0.01892361111111107 0.03032769097222221
0 0.33400607638888885 0.4604817708333333 0.0216579861111111 0.031879340277777724
0 0.32918836805555557 0.47930772569444446 0.021961805555555564 0.035297309027777724
0 0.48302951388888893 0.43916015625000004 0.017491319444444525 0.02881944444444451
0 0.49611545138888885 0.43667534722222223 0.016840277777777857 0.02879774305555549
0 0.5106336805555555 0.4393500434027778 0.015407986111111013 0.02728949652777779
0 0.5289930555555555 0.4377712673611111 0.019010416666666696 0.03130425347222221
0 0.5505859375000001 0.4360568576388889 0.02109375000000006 0.03283420138888893
0 0.5677083333333334 0.438818359375 0.016753472222222232 0.02782118055555549
0 0.5827473958333332 0.4400499131944444 0.01796874999999994 0.026888020833333304
0 0.5983289930555555 0.4400824652777778 0.019010416666666696 0.03130425347222221
0 0.6142361111111111 0.44012586805555554 0.017708333333333215 0.03126085069444451
0 0.6347439236111111 0.4408094618055556 0.016449652777777768 0.031705729166666696
0 0.6524522569444444 0.4428602430555556 0.021180555555555536 0.03381076388888893
0 0.6719618055555555 0.44326714409722223 0.020486111111111132 0.03330078125000002
0 0.6930989583333332 0.4437282986111111 0.019227430555555536 0.03374565972222221
0 0.7251953125 0.4469889322916667 0.02209201388888893 0.02945963541666674
0 0.7433593750000002 0.4468641493055555 0.017708333333333215 0.03126085069444451
0 0.7585720486111112 0.4463975694444444 0.01753472222222226 0.02930772569444451
0 0.2950520833333333 0.4530978732638889 0.018793402777777784 0.021560329861111116
0 0.31540798611111115 0.4557237413194445 0.016927083333333332 0.02247178819444451
0 0.3564453125 0.46098632812499996 0.016623263888888868 0.02635633680555549
0 0.3735026041666667 0.4593641493055556 0.014322916666666666 0.022384982638888884
0 0.3907552083333334 0.4635904947916667 0.01566840277777774 0.03021918402777768
0 0.4134982638888889 0.46386176215277775 0.019010416666666696 0.03130425347222232
0 0.4326171875 0.463525390625 0.021180555555555536 0.03381076388888893
0 0.4505425347222222 0.46436631944444445 0.016319444444444404 0.030240885416666696
0 0.4641493055555556 0.4640896267361111 0.01701388888888881 0.03075086805555549
0 0.4786241319444445 0.4662760416666667 0.01896701388888881 0.03081597222222232
0 0.49700520833333334 0.46494140625 0.02282986111111107 0.030457899305555536
0 0.5165798611111111 0.46608072916666665 0.020052083333333453 0.028417968750000022
0 0.5734157986111111 0.470166015625 0.024913194444444436 0.031987847222222254
0 0.6102430555555555 0.4718804253472222 0.026171874999999883 0.031542968749999956
0 0.6359592013888888 0.47273763020833337 0.02673611111111107 0.030588107638888973
0 0.6576605902777778 0.47589518229166666 0.021006944444444436 0.03185763888888893
0 0.6754991319444444 0.47210828993055554 0.01892361111111107 0.023025173611111116
0 0.7209852430555556 0.4726508246527778 0.022656250000000117 0.021202256944444442
0 0.7462022569444445 0.4788465711805555 0.026085069444444404 0.030566406249999956
0 0.7644965277777778 0.47288411458333335 0.018663194444444347 0.020095486111111116
0 0.7822265625 0.47517903645833337 0.023567708333333215 0.024153645833333348
0 0.7937717013888889 0.49552408854166663 0.026822916666666547 0.03156467013888897
0 0.7784939236111111 0.4989095052083333 0.024869791666666547 0.03149956597222214
0 0.7374131944444443 0.49315863715277775 0.02760416666666643 0.03305121527777777
0 0.7200954861111111 0.49550238715277783 0.02304687500000006 0.032899305555555536
0 0.6956380208333334 0.4905490451388889 0.02387152777777768 0.03487413194444444
0 0.6786458333333334 0.49290364583333335 0.02400173611111119 0.03633897569444433
0 0.6534071180555555 0.4901150173611111 0.023958333333333304 0.03585069444444444
0 0.6351345486111111 0.4890190972222222 0.02400173611111119 0.03633897569444444
0 0.6045138888888889 0.48775499131944444 0.02009548611111119 0.036208767361111116
0 0.5884548611111111 0.48600260416666663 0.020008680555555564 0.035232204861111116
0 0.5689236111111111 0.4853515625 0.021571180555555625 0.030902777777777724
0 0.5333984374999999 0.4690755208333333 0.01909722222222232 0.03228081597222221
0 0.5469618055555555 0.48656684027777775 0.02599826388888893 0.03689236111111116
0 0.5179904513888889 0.4856011284722222 0.0271701388888889 0.03547092013888886
0 0.49963107638888893 0.4835286458333333 0.025737847222222204 0.03396267361111116
0 0.4680121527777778 0.4819878472222222 0.02404513888888893 0.03682725694444455
0 0.4501953125 0.4823676215277778 0.025737847222222204 0.03396267361111116
0 0.4251302083333333 0.48153211805555557 0.019878472222222204 0.033767361111111116
0 0.40043402777777776 0.48119574652777775 0.024652777777777857 0.03636067708333335
0 0.37732204861111107 0.4804253472222222 0.02578124999999994 0.03445095486111116
0 0.3600694444444445 0.4798502604166667 0.0232638888888889 0.035340711805555536
0 0.3451171874999999 0.4759440104166667 0.02105034722222232 0.03234592013888893
0 0.30746527777777777 0.4759060329861111 0.029210069444444448 0.03651258680555558
0 0.2863715277777778 0.4759331597222222 0.026605902777777784 0.036425781249999956
0 0.24097222222222223 0.4471571180555556 0.03723958333333336 0.03191189236111103
0 0.22669270833333333 0.46542426215277777 0.023654513888888912 0.03243272569444444
0 0.21538628472222224 0.4879286024305555 0.0271701388888889 0.03547092013888886
0 0.20666232638888885 0.5102756076388888 0.027213541666666636 0.03595920138888875
0 0.1939887152777778 0.5320041232638889 0.02968749999999994 0.04188368055555558
0 0.27217881944444444 0.5207356770833333 0.021701388888888912 0.032367621527777724
0 0.29793836805555557 0.5184299045138889 0.026953124999999984 0.03302951388888875
0 0.32254774305555556 0.5250922309027777 0.024175347222222216 0.03829210069444455
0 0.34292534722222223 0.5243109809027777 0.01892361111111107 0.03032769097222232
0 0.36957465277777785 0.5247124565972222 0.02730034722222226 0.03693576388888897
0 0.40088975694444445 0.5264865451388889 0.02460937499999997 0.03587239583333335
0 0.4236328125 0.5267578125000001 0.023958333333333453 0.03585069444444455
0 0.44411892361111116 0.527197265625 0.021831597222222204 0.033832465277777724
0 0.4632595486111111 0.5234537760416667 0.026519097222222232 0.04275173611111116
0 0.4838107638888889 0.5209743923611112 0.025086805555555536 0.03394097222222214
0 0.5020833333333333 0.5257215711805556 0.020269097222222143 0.03085937499999991
0 0.5240451388888889 0.5281575520833334 0.029383680555555475 0.03846571180555558
0 0.5511501736111111 0.5263834635416667 0.028342013888888868 0.034049479166666785
0 0.5770399305555555 0.5291937934027777 0.02886284722222232 0.039908854166666785
0 0.5996310763888889 0.5314073350694444 0.021744791666666725 0.04015842013888893
0 0.6161892361111111 0.5278211805555556 0.024262152777777768 0.03196614583333335
0 0.6340711805555556 0.528173828125 0.023307291666666785 0.035828993055555536
0 0.6526692708333334 0.5329318576388888 0.019878472222222204 0.033767361111111116
0 0.6716362847222221 0.5308865017361111 0.02456597222222238 0.03538411458333335
0 0.6899739583333334 0.53271484375 0.023307291666666785 0.035828993055555536
0 0.7148220486111111 0.5384114583333334 0.028428819444444642 0.04232855902777777
0 0.7375868055555556 0.5389268663194444 0.027647569444444464 0.04084201388888875
0 0.7594618055555555 0.5403862847222223 0.026996527777777796 0.04082031250000018
0 0.7826171875 0.5379937065972222 0.025737847222222204 0.03396267361111116
0 0.8082465277777778 0.5378743489583333 0.03224826388888887 0.0341796875
0 0.8393880208333334 0.5376953124999999 0.03142361111111095 0.03220486111111098
0 0.2562934027777778 0.5428439670138889 0.031163194444444448 0.04388020833333339
0 0.2830295138888889 0.5478732638888889 0.02500000000000006 0.04026692708333335
0 0.30462239583333334 0.5425075954861112 0.029296875 0.044791666666666785
0 0.3318576388888889 0.5495008680555555 0.02339409722222226 0.04410807291666652
0 0.35186631944444446 0.5482204861111111 0.025694444444444464 0.04077690972222214
0 0.37543402777777785 0.5468153211805555 0.03198784722222214 0.03855251736111098
0 0.4049479166666667 0.5502332899305555 0.027690972222222204 0.04133029513888875
0 0.42625868055555555 0.5453450520833334 0.028645833333333332 0.04476996527777777
0 0.4476779513888889 0.5489800347222222 0.03064236111111107 0.045323350694444375
0 0.4810329861111111 0.54814453125 0.030512152777777708 0.043858506944444375
0 0.5043185763888889 0.5508680555555556 0.024913194444444436 0.04659288194444455
0 0.5231119791666666 0.5578233506944446 0.024479166666666607 0.04171006944444455
0 0.5409722222222223 0.5542805989583333 0.025911458333333453 0.04321831597222214
0 0.5620442708333333 0.5540093315972222 0.026519097222222083 0.04275173611111116
0 0.5783203124999999 0.5509006076388889 0.028255208333333393 0.04037543402777777
0 0.6160156250000001 0.5550781250000001 0.02912326388888875 0.042838541666666785
0 0.6354166666666666 0.5542643229166666 0.02730034722222226 0.04423828125000018
0 0.6623697916666668 0.5580837673611111 0.03198784722222214 0.04585503472222219
0 0.6843315972222221 0.5568684895833333 0.028559027777777857 0.04379340277777777
0 0.7049045138888889 0.5582845052083334 0.03185763888888893 0.04439019097222241
0 0.7309244791666666 0.5662109375 0.031119791666666785 0.04339192708333339
0 0.7545355902777778 0.5652940538194444 0.03437500000000012 0.04350043402777781
0 0.7829644097222221 0.5638075086805556 0.03441840277777786 0.04398871527777759
0 0.8090060763888888 0.5646755642361111 0.03172743055555571 0.04292534722222219
0 0.832421875 0.5652126736111112 0.029427083333333215 0.03895399305555536
0 0.8573350694444444 0.5679904513888889 0.029600694444444464 0.04090711805555558
0 0.17730034722222224 0.5560329861111111 0.037152777777777736 0.045540364583333215
0 0.1625217013888889 0.5905924479166667 0.03901909722222222 0.044628906250000044
0 0.24416232638888888 0.5962348090277778 0.030338541666666607 0.041905381944444375
0 0.27144097222222224 0.5964138454861111 0.03038194444444442 0.04969618055555558
0 0.29561631944444444 0.6018446180555556 0.028342013888888868 0.04865451388888897
0 0.31625434027777777 0.5966905381944445 0.024392361111111132 0.048036024305555536
0 0.3372612847222222 0.5993381076388888 0.024175347222222143 0.045594618055555536
0 0.3578124999999999 0.6005099826388889 0.027083333333333275 0.04909939236111116
0 0.3835720486111111 0.60185546875 0.030425347222222232 0.05018446180555536
0 0.4080295138888889 0.5958550347222222 0.02951388888888899 0.047233072916666785
0 0.4362847222222222 0.5997178819444444 0.03138020833333336 0.03901909722222219
0 0.4640842013888889 0.6021050347222222 0.02656249999999997 0.04324001736111116
0 0.48836805555555557 0.6014539930555556 0.02673611111111107 0.04519314236111116
0 0.5115451388888889 0.6029568142361111 0.029991319444444404 0.04530164930555558
0 0.5370876736111111 0.6055121527777778 0.026388888888888868 0.04858940972222214
0 0.5576605902777777 0.6069281684027777 0.027604166666666725 0.047656249999999956
0 0.5798177083333332 0.6042588975694445 0.02790798611111119 0.04377170138888875
0 0.6064670138888889 0.6046603732638889 0.03433159722222223 0.04301215277777781
0 0.6387803819444444 0.6067111545138889 0.036588541666666696 0.04649522569444442
0 0.6650607638888889 0.6066134982638889 0.02886284722222232 0.039908854166666785
0 0.6885850694444443 0.6083713107638888 0.02990451388888893 0.04432508680555536
0 0.7128255208333334 0.6108832465277778 0.028255208333333098 0.04037543402777777
0 0.7394965277777779 0.6151801215277777 0.032291666666666906 0.04197048611111098
0 0.7641710069444444 0.6079698350694445 0.035286458333333215 0.039149305555555625
0 0.7923177083333334 0.6106119791666667 0.037326388888888985 0.047493489583333215
0 0.8217230902777778 0.6128092447916667 0.034505208333333336 0.04496527777777781
0 0.8440104166666668 0.6152560763888889 0.033203125 0.044921875
0 0.8616319444444445 0.6090277777777777 0.03589409722222214 0.03868272569444464
0 0.8888888888888888 0.6199164496527778 0.03064236111111107 0.045323350694444375
0 0.9052517361111111 0.6177842881944444 0.03441840277777786 0.04398871527777781
0 0.9259114583333332 0.656689453125 0.04344618055555571 0.05061848958333348
0 0.8780381944444445 0.6475477430555555 0.04296875 0.052549913194444464
0 0.8384114583333333 0.6472005208333333 0.04110243055555548 0.05346137152777786
0 0.8102213541666666 0.6513726128472223 0.03684895833333327 0.04942491319444442
0 0.7789496527777778 0.6500868055555555 0.04084201388888905 0.05053168402777786
0 0.7533203125 0.646554904513889 0.032899305555555536 0.04880642361111098
0 0.7294053819444444 0.6440538194444445 0.0348090277777778 0.04838324652777759
0 0.7063802083333334 0.6442599826388888 0.04019097222222238 0.05050998263888884
0 0.6757595486111111 0.642995876736111 0.04084201388888875 0.05053168402777786
0 0.6380642361111111 0.6388183593750001 0.03611111111111113 0.048426649305555625
0 0.6120442708333333 0.6381944444444445 0.037109375 0.05235460069444464
0 0.5854166666666667 0.638037109375 0.03532986111111125 0.05424262152777781
0 0.5564236111111112 0.640478515625 0.035112847222222264 0.05180121527777781
0 0.5231553819444444 0.6386393229166667 0.031901041666666664 0.05218098958333339
0 0.49318576388888885 0.6373969184027778 0.03242187500000012 0.05073784722222219
0 0.46440972222222227 0.6349772135416667 0.03515625 0.05228949652777781
0 0.4305555555555556 0.6338487413194445 0.03207465277777777 0.04683159722222219
0 0.40227864583333334 0.6333930121527778 0.02973090277777783 0.049674479166666785
0 0.37376302083333335 0.6339029947916667 0.03081597222222217 0.05457899305555558
0 0.34286024305555557 0.6331163194444445 0.035243055555555625 0.05326605902777781
0 0.30926649305555554 0.6312662760416666 0.03749999999999994 0.05674913194444442
0 0.25722656250000003 0.6300184461805556 0.029817708333333304 0.050651041666666785
0 0.2308159722222222 0.6323025173611112 0.033203125 0.05222439236111098
0 0.14366319444444445 0.6194173177083333 0.038932291666666674 0.05095486111111125
0 0.1238498263888889 0.6557562934027779 0.04605034722222223 0.05800781250000009
0 0.19952256944444446 0.6891927083333333 0.03945312499999994 0.05681423611111125
0 0.2359809027777778 0.6940592447916667 0.038541666666666696 0.061165364583333215
0 0.26480034722222223 0.6969672309027778 0.03185763888888893 0.058995225694444375
0 0.2904730902777778 0.697336154513889 0.03359375000000001 0.05661892361111098
0 0.31647135416666666 0.6904134114583333 0.03402777777777777 0.05419921875
0 0.3439236111111111 0.6925455729166666 0.03589409722222229 0.06059027777777781
0 0.3804470486111111 0.6908420138888889 0.038888888888888896 0.05776909722222223
0 0.4377170138888889 0.6925075954861111 0.045442708333333304 0.05847439236111107
0 0.47039930555555554 0.6987087673611111 0.03914930555555548 0.06069878472222223
0 0.5036458333333333 0.7003038194444444 0.03919270833333336 0.06118706597222223
0 0.5569661458333334 0.7050021701388889 0.05052083333333327 0.05718315972222232
0 0.5870876736111111 0.7043023003472222 0.04218749999999997 0.05836588541666665
0 0.6194010416666667 0.7027018229166666 0.04344618055555557 0.057921006944444464
0 0.6485026041666666 0.7014811197916666 0.04353298611111119 0.058897569444444464
0 0.7032552083333333 0.7040364583333334 0.04335937499999994 0.056944444444444464
0 0.7916015625 0.7120930989583334 0.038020833333333094 0.04800347222222223
0 0.8209635416666666 0.7138020833333334 0.035112847222222264 0.05180121527777759
0 0.8432508680555556 0.71259765625 0.04535590277777768 0.05749782986111107
0 0.8756944444444444 0.7124620225694445 0.03641493055555559 0.05914713541666661
0 0.9008897569444444 0.7074598524305555 0.046223958333333336 0.05996093750000009
0 0.956640625 0.7139431423611111 0.05842013888888905 0.05842013888888897
0 0.09711371527777779 0.705495876736111 0.04444444444444443 0.06184895833333348
0 0.17925347222222224 0.7313585069444444 0.04357638888888893 0.06668836805555545
0 0.22072482638888888 0.74150390625 0.039105902777777736 0.06751302083333321
0 0.24776475694444444 0.7389973958333333 0.041319444444444464 0.06320529513888884
0 0.28370225694444445 0.7380045572916667 0.0426215277777778 0.06324869791666665
0 0.3157769097222222 0.7337185329861111 0.040451388888888884 0.06804470486111103
0 0.3477864583333334 0.7360026041666666 0.03914930555555548 0.06069878472222223
0 0.37560763888888893 0.7349826388888889 0.03810763888888887 0.06358506944444442
0 0.4045355902777778 0.7318088107638889 0.04053819444444443 0.06902126736111125
0 0.4355034722222222 0.7406304253472222 0.04344618055555557 0.06522352430555545
0 0.4692708333333333 0.7407823350694445 0.0452690972222222 0.06382378472222228
0 0.4993055555555555 0.7391059027777778 0.04444444444444443 0.06915147569444446
0 0.5392361111111111 0.74287109375 0.04500868055555548 0.06819661458333348
0 0.5873263888888889 0.7471516927083333 0.037543402777777825 0.06453993055555562
0 0.6218098958333333 0.7480577256944444 0.04283854166666664 0.06569010416666665
0 0.654296875 0.7447591145833334 0.04296875 0.05985243055555545
0 0.6939670138888889 0.7492458767361112 0.04774305555555536 0.06244574652777768
0 0.7290364583333334 0.7494411892361111 0.04444444444444429 0.06915147569444446
0 0.7575303819444444 0.7486870659722222 0.04188368055555536 0.06225043402777786
0 0.7828776041666666 0.7453938802083333 0.03862847222222232 0.062141927083333215
0 0.8176215277777779 0.7601833767361111 0.050651041666666785 0.0659505208333333
0 0.8422743055555556 0.7563802083333333 0.0433159722222222 0.06375868055555545
0 0.8697265625 0.7548611111111111 0.04227430555555559 0.05934244791666665
0 0.9041015625000001 0.7545464409722222 0.042317708333333336 0.05983072916666665
0 0.9334635416666668 0.7562554253472222 0.03953993055555571 0.06509331597222223
0 0.958224826388889 0.7536729600694445 0.04565972222222214 0.06821831597222205
0 0.9841796875000001 0.7637912326388889 0.03164062499999994 0.06240234375000009
0 0.996484375 0.76025390625 0.007031250000000118 0.06391059027777768
0 0.1473090277777778 0.8283908420138888 0.039192708333333326 0.06848958333333321
0 0.18233506944444444 0.8280978732638888 0.036935763888888896 0.07230902777777759
0 0.21866319444444446 0.8314995659722222 0.042057291666666684 0.07880859374999982
0 0.2549913194444444 0.8275987413194444 0.04275173611111116 0.07931857638888884
0 0.28847656250000003 0.8282280815972223 0.03880208333333327 0.07870008680555562
0 0.3245876736111111 0.8291883680555555 0.04878472222222219 0.08146701388888888
0 0.36671006944444445 0.8357042100694445 0.039713541666666664 0.07434895833333321
0 0.4032118055555555 0.8374077690972223 0.04175347222222214 0.07539062500000004
0 0.4382378472222222 0.8371148003472222 0.043012152777777736 0.07494574652777786
0 0.4762369791666667 0.8374077690972221 0.04609374999999997 0.08040364583333348
0 0.5336805555555556 0.8373752170138888 0.0504340277777778 0.07811414930555571
0 0.5659071180555556 0.8311469184027778 0.044748263888888896 0.07987196180555545
0 0.6095486111111111 0.8401475694444445 0.051302083333333304 0.0732747395833333
0 0.6583116319444445 0.833740234375 0.04921874999999994 0.07904730902777768
0 0.7001953125 0.8412217881944445 0.05815972222222232 0.08470052083333335
0 0.8869357638888888 0.8462293836805556 0.05703124999999994 0.07200520833333335
0 0.9268012152777777 0.8456108940972222 0.05716145833333345 0.07347005208333335
0 0.9600260416666666 0.8469618055555556 0.06614583333333357 0.07230902777777781
0 0.979275173611111 0.8462185329861112 0.04144965277777798 0.06822916666666679
0 0.9966796875 0.8467936197916667 0.006640624999999882 0.06754557291666674