0 0.21817320261437909 0.42257230392156864 0.017627450980392128 0.028605392156862752
0 0.23662581699346408 0.4233406862745098 0.01690196078431372 0.033410539215686264
0 0.2509199346405229 0.4227953431372549 0.015779411764705875 0.029348039215686295
0 0.2673267973856209 0.4217549019607843 0.022052287581699376 0.032022058823529376
0 0.287562091503268 0.42076470588235293 0.021325163398692837 0.03241789215686275
0 0.3295196078431373 0.4209632352941176 0.021259803921568603 0.03281495098039211
0 0.3461584967320261 0.4221519607843138 0.01690196078431372 0.03281495098039211
0 0.36926633986928104 0.42413235294117646 0.021522875816993487 0.032023284313725475
0 0.39924019607843136 0.42769852941176467 0.017694444444444457 0.028459558823529463
0 0.41683496732026143 0.42467769607843137 0.017232026143790897 0.03370833333333334
0 0.4335065359477124 0.4299019607843137 0.014524509803921504 0.02841176470588236
0 0.4474705882352941 0.42997671568627455 0.014723856209150288 0.02647916666666672
0 0.46232516339869273 0.4246029411764706 0.017496732026143807 0.030290441176470617
0 0.47681699346405226 0.42854044117647055 0.01280882352941178 0.02598406862745095
0 0.4962614379084967 0.4274019607843137 0.0176274509803922 0.03143137254901962
0 0.516531045751634 0.42537132352941176 0.020137254901960795 0.03271813725490191
0 0.5344885620915033 0.4267573529411765 0.014854575163398684 0.03073774509803917
0 0.5487156862745098 0.42685661764705884 0.013601307189542519 0.03271813725490191
0 0.5639673202614379 0.42745098039215684 0.01676960784313719 0.03034191176470591
0 0.5819264705882353 0.4278970588235294 0.019014705882352878 0.032421568627450936
0 0.6002140522875817 0.4282928921568627 0.019147058823529406 0.03440318627450978
0 0.6183709150326797 0.43042279411764706 0.021392156862745093 0.034503676470588274
0 0.6379460784313725 0.42972916666666666 0.01974019607843136 0.03073897058823527
0 0.6590408496732026 0.4297549019607843 0.017562091503268002 0.03584068627450976
0 0.6907320261437908 0.4294325980392157 0.018354575163398817 0.03252205882352943
0 0.7084264705882353 0.4289117647058824 0.01808986928104576 0.03237377450980394
0 0.7239738562091503 0.43042279411764706 0.015514705882353041 0.031531862745098005
0 0.7448039215686274 0.45202573529411766 0.018750000000000117 0.01234558823529408
0 0.7271764705882352 0.4579950980392157 0.020730392156862603 0.016856617647058814
0 0.7075669934640523 0.46364338235294117 0.025088235294117744 0.028747549019607854
0 0.6853839869281045 0.4578468137254902 0.018750000000000117 0.020126225490196048
0 0.664686274509804 0.463047794117647 0.019740196078431433 0.02458578431372549
0 0.638375816993464 0.45611274509803923 0.021392156862745093 0.018441176470588183
0 0.6207467320261437 0.4629987745098039 0.016241830065359508 0.03043137254901962
0 0.5978382352941176 0.45705514705882355 0.024692810457516295 0.027159313725490186
0 0.5746633986928105 0.4596066176470588 0.019147058823529406 0.0319644607843137
0 0.5533055555555556 0.45507475490196075 0.019609477124182966 0.02527696078431374
0 0.534718954248366 0.4590870098039216 0.025220588235294123 0.02973651960784318
0 0.4949738562091503 0.4580968137254902 0.019807189542483616 0.030132352941176443
0 0.48031699346405227 0.4523737745098039 0.019410130718954182 0.01839093137254899
0 0.4616323529411765 0.4516813725490196 0.018486928104575195 0.019381127450980418
0 0.441890522875817 0.4570061274509804 0.016241830065359508 0.02616911764705887
0 0.4250555555555556 0.45120955882352937 0.016637254901960812 0.017547794117647064
0 0.4114542483660131 0.45066544117647056 0.01478921568627456 0.018241421568627403
0 0.39481699346405236 0.45321813725490195 0.015581699346405298 0.029584558823529394
0 0.37784967320261437 0.4562144607843137 0.01808986928104576 0.03290563725490192
0 0.3539820261437909 0.45571936274509806 0.017892156862745107 0.03250857843137256
0 0.33691503267973855 0.45225 0.018617647058823555 0.0208174019607843
0 0.3210686274509804 0.4509877450980392 0.018617647058823517 0.020371323529411733
0 0.29882026143790846 0.4534901960784314 0.020070261437908465 0.02983333333333338
0 0.27967320261437906 0.45571936274509806 0.018617647058823517 0.0295367647058824
0 0.2598006535947712 0.44804166666666667 0.01927941176470586 0.02844240196078429
0 0.24923692810457512 0.47122303921568626 0.020334967320261448 0.03558823529411759
0 0.2692745098039216 0.4728075980392157 0.021985294117647047 0.03281495098039211
0 0.2901372549019608 0.47426960784313726 0.016967320261437917 0.03603553921568625
0 0.3077990196078431 0.470578431372549 0.012281045751633949 0.034300245098039195
0 0.3221911764705882 0.4728578431372549 0.01808986928104576 0.03469730392156867
0 0.3394232026143791 0.4731544117647059 0.019279411764705896 0.03469730392156867
0 0.36091503267973857 0.47345220588235293 0.022645424836601258 0.03469730392156867
0 0.3849803921568627 0.47256004901960785 0.01690196078431372 0.037669117647058825
0 0.41204901960784307 0.47310539215686276 0.022315359477124225 0.035192401960784325
0 0.4299411764705882 0.4716188725490196 0.020070261437908538 0.03578676470588238
0 0.46275490196078434 0.47191666666666665 0.020334967320261448 0.03756985294117643
0 0.4791944444444445 0.4711985294117647 0.019147058823529406 0.036430147058823525
0 0.508640522875817 0.47553186274509807 0.019807189542483616 0.034698529411764656
0 0.5296356209150327 0.4728578431372549 0.02099509803921566 0.03469730392156867
0 0.5493104575163399 0.4751360294117647 0.017166666666666625 0.03390563725490192
0 0.5651568627450981 0.47379779411764705 0.019147058823529406 0.03479656862745095
0 0.5954934640522876 0.4776372549019608 0.01841993464052294 0.035046568627450925
0 0.6142107843137254 0.47741421568627446 0.02020261437908492 0.03549264705882349
0 0.6377156862745098 0.4800637254901961 0.023240196078431346 0.035741421568627474
0 0.6575555555555556 0.4757549019607843 0.020929738562091533 0.03781985294117651
0 0.6805310457516341 0.48216911764705883 0.022117647058823426 0.031334558823529424
0 0.6998104575163399 0.47892401960784314 0.019080065359477 0.033462009803921555
0 0.7357924836601307 0.48093014705882353 0.024890522875817094 0.03361274509803924
0 0.755830065359477 0.47642401960784314 0.017034313725490097 0.037671568627451024
0 0.7931339869281046 0.5190539215686274 0.03419934640522874 0.026074754901960873
0 0.763125816993464 0.5198713235294117 0.027663398692810464 0.028601715686274565
0 0.7380049019607844 0.5218774509803922 0.027730392156862866 0.027562499999999934
0 0.7143676470588236 0.5220257352941176 0.024825163398692673 0.027265931372548957
0 0.6909950980392158 0.5224975490196079 0.020070261437908538 0.034447303921568695
0 0.6687124183006535 0.519797794117647 0.02343790849673207 0.034099264705882426
0 0.6454395424836602 0.5181384803921569 0.018486928104575195 0.03345465686274518
0 0.62609477124183 0.5128627450980392 0.024165032679738612 0.027359068627450966
0 0.605826797385621 0.5195502450980392 0.01690196078431372 0.03360416666666666
0 0.5893202614379085 0.5158100490196078 0.017166666666666625 0.03295833333333337
0 0.5707026143790849 0.5144975490196079 0.01954248366013071 0.030035539215686302
0 0.552611111111111 0.5205661764705882 0.019014705882352878 0.03652696078431372
0 0.5344885620915033 0.5179399509803921 0.021589869281045743 0.03305882352941181
0 0.5073856209150326 0.5140024509803922 0.02561764705882356 0.030827205882352937
0 0.47998692810457516 0.519921568627451 0.03142647058823522 0.03405024509803911
0 0.4583316993464052 0.5203419117647059 0.01861764705882359 0.0342953431372548
0 0.43948202614379084 0.5159338235294119 0.023305555555555618 0.03736397058823532
0 0.42149019607843136 0.5143492647058824 0.017826797385620985 0.041920343137254956
0 0.4007924836601307 0.5157843137254902 0.017232026143790897 0.030529411764705916
0 0.3793022875816993 0.5153382352941176 0.021392156862745093 0.029042892156862843
0 0.35744771241830064 0.517469362745098 0.020862745098039277 0.0344926470588236
0 0.33051143790849674 0.5148921568627451 0.023635620915032646 0.03112254901960787
0 0.29868790849673205 0.5159080882352941 0.020599673202614355 0.02988480392156867
0 0.2779901960784314 0.5188553921568627 0.0188169934640523 0.035484068627450904
0 0.25418790849673206 0.510360294117647 0.02073039215686275 0.027107843137254894
0 0.23075 0.5144718137254902 0.020599673202614355 0.031172794117647007
0 0.20513398692810458 0.4444325980392157 0.03829248366013068 0.030732843137254884
0 0.19031045751633988 0.462875 0.027663398692810464 0.03671813725490192
0 0.17575326797385618 0.4839007352941176 0.025880718954248354 0.03628431372549018
0 0.16565196078431368 0.5060808823529411 0.027861111111111097 0.03518872549019608
0 0.14924509803921568 0.5291556372549019 0.02872058823529411 0.04033700980392152
0 0.2102826797385621 0.539702205882353 0.030370915032679708 0.040930147058823474
0 0.23596568627450978 0.5425747549019607 0.025485294117647033 0.039544117647058785
0 0.25848039215686275 0.5382414215686274 0.022183006535947698 0.04246446078431365
0 0.28591176470588237 0.5425012254901961 0.02119281045751631 0.042367647058823454
0 0.30561928104575165 0.5412377450980392 0.018617647058823517 0.04251593137254894
0 0.328859477124183 0.5401973039215686 0.032218954248365995 0.043406862745098085
0 0.35708496732026146 0.541609068627451 0.026078431372548987 0.04474509803921567
0 0.3805898692810457 0.537077205882353 0.022777777777777786 0.04310784313725491
0 0.40201307189542484 0.5399031862745097 0.023240196078431346 0.05202818627450978
0 0.435718954248366 0.5417843137254902 0.02647549019607842 0.043311274509803876
0 0.4557565359477124 0.5422303921568628 0.021787581699346397 0.04598651960784306
0 0.4756944444444444 0.5497083333333334 0.021259803921568565 0.03895710784313722
0 0.4961290849673203 0.545671568627451 0.01696732026143784 0.04128308823529414
0 0.5164313725490196 0.5443100490196078 0.021522875816993487 0.042421568627450945
0 0.5329035947712418 0.5399019607843137 0.024362745098039262 0.041329656862745034
0 0.5686225490196078 0.5436666666666666 0.02528758169934638 0.04232230392156855
0 0.5887924836601307 0.5431470588235294 0.02165522875816987 0.045738970588235395
0 0.6150032679738563 0.5437904411764706 0.02812581699346402 0.04405514705882352
0 0.6368905228758169 0.5456973039215687 0.024362745098039262 0.04460171568627458
0 0.6589084967320261 0.5491151960784313 0.024428104575163385 0.04252328431372554
0 0.6830065359477123 0.5533504901960784 0.026277777777777917 0.04594240196078436
0 0.7077320261437908 0.5506495098039216 0.02938071895424847 0.04410539215686282
0 0.7363529411764705 0.5485686274509803 0.02878594771241823 0.04410539215686282
0 0.7620032679738563 0.5476519607843138 0.027003267973856104 0.04197426470588228
0 0.7844183006535949 0.5488149509803921 0.026277777777777917 0.036873774509804
0 0.8089460784313726 0.5502524509803922 0.027003267973856104 0.03915318627450981
0 0.8514967320261437 0.5999656862745099 0.029313725490196063 0.04261519607843134
0 0.832813725490196 0.6030122549019608 0.027598039215686338 0.04246813725490206
0 0.8075588235294119 0.5887450980392157 0.02858823529411758 0.03235661764705888
0 0.7893366013071895 0.5918406862745098 0.027003267973856104 0.031714460784313836
0 0.7686062091503268 0.590998774509804 0.03466176470588245 0.03002941176470597
0 0.7394901960784314 0.5941703431372549 0.039019607843137294 0.04469240196078439
0 0.7109346405228759 0.5902316176470588 0.02944607843137259 0.031169117647058764
0 0.6837009803921569 0.5958039215686275 0.0332091503267975 0.0331029411764705
0 0.6596013071895426 0.5915428921568627 0.028588235294117654 0.028742647058823456
0 0.6363954248366013 0.5914203431372549 0.03208660130718958 0.03057475490196082
0 0.6148709150326798 0.5915686274509804 0.026673202614379072 0.02968382352941168
0 0.5887254901960784 0.5937745098039215 0.03142647058823537 0.043899509803921655
0 0.5538660130718954 0.5866151960784314 0.03023856209150333 0.03106740196078439
0 0.5252450980392157 0.5860955882352941 0.028851307189542503 0.03270220588235295
0 0.50425 0.5872843137254902 0.02528758169934638 0.03270220588235295
0 0.482562091503268 0.5941200980392157 0.02944607843137259 0.040729166666666705
0 0.4588921568627451 0.5880759803921568 0.02726797385620916 0.028640931372549083
0 0.4355539215686275 0.5882254901960784 0.024955882352941217 0.036664215686274426
0 0.41277450980392155 0.5890674019607843 0.02535294117647065 0.03359558823529407
0 0.38389052287581693 0.5906286764705881 0.029776143790849623 0.035230392156862855
0 0.35804248366013064 0.5839669117647058 0.0268055555555556 0.0370600490196078
0 0.3318643790849673 0.5918419117647059 0.02396568627450979 0.037361519607843174
0 0.30476143790849675 0.593155637254902 0.022843137254901984 0.04503921568627445
0 0.28538398692810457 0.5880281862745098 0.021325163398692837 0.03270343137254894
0 0.2639264705882353 0.5877316176470588 0.021589869281045743 0.03864705882352948
0 0.2423709150326797 0.5973664215686275 0.02601307189542486 0.045735294117646985
0 0.22025163398692812 0.591546568627451 0.026145424836601316 0.04508823529411776
0 0.19031045751633988 0.5942205882352941 0.025683006535947683 0.04568382352941169
0 0.13059313725490196 0.5537156862745097 0.029843137254901952 0.04400000000000004
0 0.11454901960784314 0.586030637254902 0.0405375816993464 0.05158578431372551
0 0.09312581699346405 0.6188100490196078 0.032153594771241835 0.047919117647058806
0 0.06859803921568629 0.6538970588235294 0.04053758169934641 0.05421568627450979
0 0.1749281045751634 0.6275514705882352 0.027003267973856198 0.04876593137254903
0 0.2019313725490196 0.6257928921568627 0.02753104575163401 0.05030024509803921
0 0.2543202614379085 0.6259178921568627 0.0301062091503268 0.056787990196078386
0 0.289609477124183 0.6273296568627451 0.027400326797385615 0.052182598039215655
0 0.31763562091503267 0.6277745098039216 0.029578431372549046 0.05010294117647063
0 0.34556372549019604 0.625719362745098 0.026408496732026165 0.04807107843137248
0 0.3730294117647059 0.6256200980392157 0.02944607843137259 0.04727818627450975
0 0.40815359477124186 0.6270563725490196 0.0268055555555556 0.05312377450980388
0 0.4382598039215686 0.6268823529411764 0.02957843137254897 0.05218137254901967
0 0.466452614379085 0.6294816176470588 0.028521241830065325 0.05203186274509797
0 0.498406862745098 0.630422794117647 0.03182352941176466 0.050942401960784256
0 0.5314183006535947 0.6282426470588235 0.032483660130719016 0.05400980392156862
0 0.5575637254901961 0.6265085784313726 0.02812581699346402 0.05291911764705892
0 0.5837745098039215 0.6229460784313725 0.0326160130718954 0.052330882352941144
0 0.6224313725490197 0.6301776960784313 0.03505882352941173 0.05075000000000007
0 0.6524722222222222 0.6295833333333333 0.03254901960784314 0.05134313725490203
0 0.6762058823529412 0.6267107843137255 0.022975490196078436 0.05154044117647061
0 0.6983905228758168 0.6300294117647058 0.029710784313725352 0.05342401960784304
0 0.7234787581699346 0.6315147058823529 0.03512418300653586 0.0516421568627452
0 0.754609477124183 0.6344534313725491 0.03004084967320253 0.05157598039215694
0 0.7832303921568627 0.6306678921568627 0.03657679738562081 0.05024387254901952
0 0.822843137254902 0.6293333333333333 0.042122549019607845 0.05114093137254905
0 0.868498366013072 0.6389558823529412 0.03875490196078424 0.05255882352941166
0 0.893454248366013 0.6963308823529412 0.05143137254901949 0.05827205882352948
0 0.8365424836601307 0.689642156862745 0.04100000000000007 0.05499632352941175
0 0.809968954248366 0.6953137254901961 0.035784313725490215 0.05415808823529411
0 0.7788398692810458 0.6933811274509804 0.04205718954248372 0.05148161764705872
0 0.7543120915032681 0.6969975490196079 0.02984313725490188 0.051583333333333314
0 0.7290915032679739 0.6929828431372549 0.02891830065359476 0.03999019607843146
0 0.6953529411764706 0.6855294117647058 0.03512418300653586 0.03904534313725483
0 0.641611111111111 0.6885024509803922 0.03934967320261432 0.05390686274509804
0 0.5855571895424837 0.6896176470588234 0.04489542483660136 0.05583823529411758
0 0.5562434640522876 0.6920943627450981 0.03895424836601302 0.05663235294117652
0 0.523892156862745 0.6927132352941177 0.03367156862745091 0.05400735294117642
0 0.49560130718954243 0.6955612745098039 0.03809477124183003 0.05940808823529409
0 0.4402401960784314 0.6904105392156863 0.03908496732026142 0.05920710784313732
0 0.40680065359477124 0.6895428921568627 0.03518954248366013 0.05598774509803928
0 0.3755375816993464 0.6851617647058823 0.03367156862745091 0.05732475490196087
0 0.3172401960784314 0.67825 0.03314379084967323 0.04736519607843137
0 0.2815539215686274 0.6806776960784313 0.03030392156862745 0.05043749999999991
0 0.25402287581699345 0.6854325980392156 0.02792810457516337 0.05222303921568616
0 0.22758169934640524 0.6886519607843137 0.02812581699346402 0.050343137254901915
0 0.2031192810457516 0.6936066176470588 0.02990849673202615 0.06084681372549028
0 0.1761160130718954 0.6891482843137254 0.02819117647058822 0.05787254901960792
0 0.1382516339869281 0.6874142156862745 0.03485947712418299 0.05559313725490189
0 0.11355882352941177 0.7295588235294117 0.039349673202614364 0.0629313725490197
0 0.15241339869281045 0.7404031862745097 0.031888888888888876 0.06560539215686267
0 0.1814967320261438 0.7388676470588235 0.03261601307189541 0.06312867647058829
0 0.2168856209150327 0.7359950980392157 0.02773039215686272 0.061541666666666606
0 0.24728921568627452 0.7296299019607843 0.02872058823529411 0.06515441176470582
0 0.279937908496732 0.7314877450980392 0.029050653594771214 0.060251225490196125
0 0.308656862745098 0.730968137254902 0.029446078431372518 0.0642634803921569
0 0.33684967320261433 0.7273014705882352 0.027598039215686303 0.05752573529411764
0 0.3676813725490196 0.734732843137255 0.035784313725490215 0.06585049019607836
0 0.40181535947712416 0.7353014705882354 0.03551960784313731 0.0643149509803922
0 0.4337712418300654 0.7317843137254901 0.03169117647058828 0.059063725490196006
0 0.4727238562091503 0.7337671568627451 0.03868954248366011 0.06956495098039217
0 0.518906862745098 0.7379509803921569 0.031228758169934572 0.06337622549019617
0 0.5547908496732027 0.7386874999999999 0.03208660130718958 0.06573897058823519
0 0.5889248366013071 0.7282928921568628 0.03419934640522874 0.05861764705882355
0 0.6269542483660131 0.7350049019607844 0.03657679738562095 0.062236519607843155
0 0.6616813725490196 0.7352279411764706 0.03155882352941175 0.06357475490196074
0 0.6922499999999999 0.7346090686274509 0.032483660130719016 0.060850490196078466
0 0.7181307189542484 0.7313394607843137 0.02878594771241823 0.05847058823529405
0 0.7491944444444444 0.7471335784313725 0.03307679738562097 0.06421200980392161
0 0.7744150326797387 0.7413921568627451 0.03598202614379087 0.06104656862745106
0 0.8063709150326797 0.7362414215686274 0.03254901960784314 0.06500612745098033
0 0.8379624183006537 0.7358186274509804 0.03789705882352953 0.05732843137254906
0 0.8669460784313725 0.7381237745098039 0.026937908496731982 0.06609681372549026
0 0.8902859477124183 0.7371580882352942 0.0332091503267975 0.06624509803921574
0 0.9244199346405227 0.7450196078431373 0.04641339869281058 0.061469362745097955
0 0.9507957516339869 0.7385183823529412 0.042517973856209146 0.06510416666666674
0 0.9656503267973856 0.8072634803921569 0.03419934640522874 0.030870098039215588
0 0.9346535947712419 0.8075122549019608 0.034398692810457376 0.030770833333333414
0 0.9056029411764706 0.8076102941176471 0.03294607843137243 0.02680759803921573
0 0.8853006535947712 0.8255698529411765 0.05255392156862756 0.06124142156862744
0 0.8497140522875818 0.827998774509804 0.05625163398692804 0.0756066176470589
0 0.8101666666666666 0.827156862745098 0.047272875816993576 0.07392279411764702
0 0.621671568627451 0.8290894607843137 0.04700816993464052 0.07956985294117636
0 0.5828496732026144 0.8253247549019608 0.04225490196078437 0.07857720588235284
0 0.5334656862745099 0.8304252450980393 0.04370751633986932 0.07392401960784323
0 0.4909787581699346 0.8243333333333334 0.04192483660130719 0.07481249999999995
0 0.4582973856209151 0.8286421568627451 0.037962418300653646 0.0777843137254901
0 0.3962042483660131 0.8297071078431372 0.038557189542483584 0.07961764705882346
0 0.358702614379085 0.8271299019607843 0.037236928104575164 0.07089950980392157
0 0.325031045751634 0.830078431372549 0.03565196078431376 0.07471446078431376
0 0.24920424836601307 0.823796568627451 0.037302287581699366 0.08027573529411769
0 0.21206535947712415 0.8259424019607843 0.02720098039215683 0.07208823529411768
0 0.17730392156862743 0.8240428921568627 0.0313611111111111 0.06977450980392153
0 0.139968954248366 0.8291384803921569 0.03670915032679737 0.07372794117647063
0 0.10461274509803921 0.8280747549019608 0.034529411764705885 0.07605514705882355
0 0.06952287581699347 0.8277267156862745 0.03961437908496732 0.07120098039215694
0 0.03385130718954248 0.7075661764705882 0.04493627450980392 0.06346691176470598