0 0.24074074074074078 0.4116102430555556 0.01965181327160496 0.02941623263888893
0 0.2593436535493827 0.4119683159722222 0.01924189814814814 0.03427734375000002
0 0.2733169367283951 0.4110134548611111 0.0177469135802469 0.03032769097222221
0 0.28988233024691357 0.40972764756944446 0.02437789351851845 0.03298611111111116
0 0.31002845293209874 0.40832248263888893 0.023750964506172867 0.03345269097222214
0 0.35205680941358025 0.40765516493055554 0.0237750771604938 0.03394097222222214
0 0.36873070987654327 0.4085666232638889 0.019217785493827282 0.03378906250000002
0 0.39195119598765427 0.40999348958333337 0.023726851851851787 0.03296440972222214
0 0.4220920138888889 0.41290147569444446 0.01965181327160496 0.02941623263888893
0 0.4395375192901234 0.40962999131944444 0.01989293981481488 0.03429904513888893
0 0.4564043209876543 0.4144476996527778 0.016396604938271626 0.029307725694444398
0 0.4704137731481482 0.41422526041666663 0.016951195987654266 0.027376302083333304
0 0.4851345486111111 0.40859917534722223 0.019724151234567906 0.03088107638888893
0 0.4996624228395062 0.41227213541666663 0.014973958333333334 0.026822916666666696
0 0.5191454475308642 0.41064453125 0.019796489197530853 0.03234592013888893
0 0.5392433449074074 0.40826280381944446 0.022472993827160614 0.03389756944444444
0 0.5572313850308642 0.409375 0.01714409722222232 0.031282552083333304
0 0.5715663580246914 0.40914171006944444 0.015938464506172718 0.0331922743055556
0 0.5869020061728395 0.40936414930555554 0.01909722222222232 0.03134765624999991
0 0.6048418209876544 0.4094997829861111 0.0211467978395062 0.03336588541666663
0 0.6231071566358025 0.4096245659722222 0.021894290123456745 0.035340711805555536
0 0.6414448302469137 0.41121419270833337 0.023847415123456745 0.03540581597222214
0 0.6609640239197531 0.41031901041666663 0.02170138888888884 0.031434461805555536
0 0.6821349344135802 0.4098578559027778 0.020013503086419842 0.03674045138888893
0 0.7137104552469135 0.4088053385416667 0.02049575617283968 0.033344184027777724
0 0.7312765239197532 0.40797526041666665 0.02049575617283968 0.033344184027777724
0 0.7469859182098766 0.40916341145833335 0.017843364197530853 0.03228081597222221
0 0.7682532793209876 0.4304633246527778 0.01950713734567877 0.013324652777777724
0 0.7509524498456791 0.4366644965277778 0.021677276234568055 0.017784288194444442
0 0.7313609182098766 0.44269748263888886 0.027488425925925892 0.03016493055555558
0 0.7089240933641975 0.4373318142361111 0.02054398148148155 0.02115885416666663
0 0.6883318865740741 0.44290907118055556 0.021412037037036907 0.025575086805555536
0 0.6619405864197531 0.43669704861111114 0.023051697530864185 0.019292534722222143
0 0.6446879822530864 0.4438747829861111 0.018446180555555507 0.031325954861111116
0 0.6215880594135802 0.4382866753472222 0.026740933641975346 0.028190104166666674
0 0.5982711226851851 0.4415093315972222 0.021773726851851787 0.032899305555555536
0 0.5768711419753086 0.4373318142361111 0.021436149691358135 0.026063368055555536
0 0.5584972993827161 0.44161241319444444 0.027536651234567906 0.03114149305555558
0 0.5187114197530864 0.44147135416666666 0.021677276234567906 0.030946180555555536
0 0.5037736304012346 0.43610026041666666 0.02044753086419752 0.01920572916666663
0 0.48517071759259256 0.43574218750000004 0.019844714506172718 0.020160590277777724
0 0.4655671296296296 0.4415310329861111 0.018229166666666668 0.026931423611111116
0 0.44833863811728397 0.43599175347222224 0.01779513888888884 0.018142361111111116
0 0.43495611496913583 0.4357042100694445 0.015890239197530853 0.01905381944444451
0 0.41814959490740744 0.43870985243055555 0.017746913580246826 0.03032769097222221
0 0.40135513117283955 0.4419596354166667 0.020519868827160614 0.033832465277777724
0 0.37755594135802467 0.44201931423611107 0.020495756172839386 0.033344184027777724
0 0.3601224922839506 0.4389322916666667 0.019917052469135815 0.021625434027777724
0 0.3444251543209876 0.43798828125 0.01989293981481488 0.021137152777777724
0 0.3220727237654321 0.44093424479166665 0.022328317901234573 0.030967881944444442
0 0.3029634452160494 0.4435275607638889 0.021002121913580234 0.03043619791666663
0 0.2830343364197531 0.43612196180555557 0.02160493827160496 0.029481336805555536
0 0.2731119791666667 0.4596842447916667 0.023244598765432094 0.03636067708333335
0 0.29305314429012347 0.46073133680555556 0.024426118827160465 0.03396267361111116
0 0.31397087191358025 0.4617458767361111 0.019362461419753025 0.03671875000000002
0 0.3317057291666667 0.4577311197916667 0.014732831790123413 0.03510199652777768
0 0.3461492091049383 0.4596950954861111 0.020616319444444347 0.035785590277777724
0 0.3634259259259259 0.4596082899305556 0.02191840277777768 0.035828993055555536
0 0.38494646990740744 0.45962456597222223 0.02517361111111101 0.035937499999999956
0 0.40899884259259256 0.45808919270833337 0.019458912037036907 0.03867187499999991
0 0.43606529706790126 0.4581651475694445 0.025197723765432094 0.036425781249999956
0 0.4539086612654321 0.45634765625 0.022617669753086506 0.03682725694444444
0 0.4868224344135803 0.45598415798611114 0.023341049382715973 0.03831380208333335
0 0.5030743634259259 0.4549533420138889 0.021990740740740772 0.037293836805555536
0 0.5326003086419754 0.4586154513888889 0.022569444444444347 0.03585069444444444
0 0.5536385995370371 0.45546875 0.02322048611111101 0.03587239583333335
0 0.5733024691358025 0.45750325520833335 0.019917052469135815 0.03478732638888893
0 0.5891927083333334 0.45575086805555554 0.02191840277777783 0.035828993055555536
0 0.6196831597222222 0.45913628472222223 0.02126736111111101 0.03580729166666674
0 0.6382378472222222 0.4585177951388889 0.022593557098765427 0.03633897569444444
0 0.6618200231481481 0.4606662326388889 0.025872878086419693 0.03693576388888886
0 0.6817973572530865 0.4558430989583333 0.023365162037036907 0.03880208333333335
0 0.7049213927469137 0.46191948784722225 0.02435378086419752 0.03249782986111116
0 0.7239703896604938 0.45810546875 0.021195023148148213 0.03434244791666674
0 0.7602358217592592 0.4595865885416667 0.027054398148148213 0.034537760416666674
0 0.7798755787037036 0.45453016493055554 0.02010995370370357 0.03869357638888893
0 0.8184678819444445 0.4965277777777778 0.035807291666666664 0.027517361111111027
0 0.7885320216049383 0.49777018229166664 0.030068479938271626 0.029763454861111094
0 0.7632257908950617 0.5003255208333333 0.03002025462962976 0.028786892361110983
0 0.7397882908950617 0.5011067708333333 0.0267409336419752 0.028190104166666785
0 0.7163507908950617 0.5018880208333334 0.022545331790123413 0.03536241319444455
0 0.6940706983024691 0.49969618055555554 0.025776427469135815 0.03498263888888897
0 0.6705367476851851 0.49852430555555555 0.021195023148148213 0.03434244791666663
0 0.6510537229938271 0.49354926215277783 0.02611400462962976 0.028656684027777768
0 0.6311969521604938 0.5008138020833333 0.019241898148148213 0.03427734374999991
0 0.6144024884259259 0.4974609375 0.019868827160493947 0.03381076388888893
0 0.5957634066358025 0.4963704427083333 0.021677276234567906 0.030946180555555536
0 0.5778235918209876 0.5028374565972222 0.021990740740740772 0.037293836805555536
0 0.5597752700617283 0.5005045572916667 0.023775077160493947 0.03394097222222214
0 0.5325520833333334 0.49725477430555554 0.02758487654320992 0.03211805555555558
0 0.5051601080246914 0.5037923177083333 0.03361304012345675 0.035731336805555625
0 0.4836757330246913 0.5045084635416667 0.02124324845679008 0.03531901041666674
0 0.4645664544753087 0.5004991319444445 0.02594521604938264 0.03840060763888875
0 0.44657841435185186 0.49938693576388893 0.020953896604938294 0.042621527777777724
0 0.42579330632716045 0.5010579427083333 0.01974826388888899 0.03136935763888893
0 0.40427276234567905 0.5010416666666666 0.023582175925925892 0.030034722222222143
0 0.3825593171296296 0.5037217881944445 0.02319637345679008 0.03538411458333335
0 0.35539641203703703 0.5016927083333333 0.02563175154320992 0.03205295138888875
0 0.3238450038580247 0.5032335069444445 0.02297935956790124 0.030989583333333348
0 0.3031442901234568 0.5066134982638889 0.021291473765432094 0.03629557291666674
0 0.2789472415123457 0.49861653645833337 0.022834683641975346 0.028059895833333348
0 0.25570264274691357 0.5033040364583333 0.023027584876543255 0.03196614583333335
0 0.2281418788580247 0.4337944878472222 0.04060570987654318 0.03255208333333326
0 0.21373456790123457 0.4523708767361111 0.030478395061728374 0.038064236111111094
0 0.19979745370370372 0.4738661024305556 0.02850115740740744 0.037510850694444375
0 0.19046585648148148 0.49618598090277777 0.030406057098765427 0.036599392361111205
0 0.17467206790123457 0.5196994357638889 0.03194926697530861 0.041525607638888795
0 0.2357735339506173 0.5289116753472223 0.03329957561728395 0.04254557291666661
0 0.26164641203703703 0.5312282986111111 0.028669945987654266 0.040928819444444375
0 0.28391444830246915 0.5265733506944444 0.0255594135802469 0.043749999999999956
0 0.31148726851851855 0.5303005642361112 0.02423321759259256 0.04321831597222214
0 0.3312837577160494 0.5284179687499999 0.021653163580246975 0.04361979166666652
0 0.3543595679012346 0.5269151475694445 0.03537326388888884 0.045052083333333215
0 0.38277633101851855 0.5279242621527778 0.029562114197530853 0.04583333333333339
0 0.40632233796296297 0.5227376302083333 0.026234567901234573 0.04425998263888875
0 0.42763792438271603 0.5252061631944445 0.027319637345679066 0.05307074652777777
0 0.4616126543209877 0.5265190972222222 0.029489776234567906 0.04436848958333339
0 0.48150559413580246 0.5265896267361111 0.025077160493827133 0.04714626736111116
0 0.5017361111111112 0.53349609375 0.024064429012345734 0.03980034722222214
0 0.5220630787037037 0.529150390625 0.020278742283950695 0.04211154513888893
0 0.5421850887345679 0.5272569444444444 0.024884259259259228 0.04324001736111116
0 0.5585816936728395 0.5225531684027778 0.027440200617284027 0.042350260416666785
0 0.5946059992283951 0.5257541232638889 0.02813946759259256 0.04334852430555558
0 0.6147641782407408 0.5245930989583334 0.025053047839506053 0.04665798611111116
0 0.64086612654321 0.5249457465277778 0.03149112654320992 0.04541015625
0 0.6627724729938271 0.526171875 0.027608989197530853 0.045768229166666785
0 0.6851007908950617 0.5293402777777778 0.027512538580246826 0.043815104166666785
0 0.709080825617284 0.5329427083333333 0.02963445216049365 0.04729817708333339
0 0.7337119020061729 0.5299207899305556 0.03279320987654325 0.04545355902777781
0 0.7622733410493826 0.5272569444444444 0.03214216820987659 0.04543185763888902
0 0.7879533179012346 0.5256673177083333 0.03009259259259256 0.04341362847222219
0 0.8104865933641975 0.5263834635416667 0.02917631172839504 0.03802083333333339
0 0.8349850501543209 0.5272786458333334 0.029947916666666668 0.04048394097222241
0 0.878809799382716 0.5761935763888889 0.03272087191358016 0.04398871527777781
0 0.8603997878086419 0.5797417534722222 0.030767746913580158 0.04392361111111098
0 0.8346113040123457 0.5659288194444444 0.03091242283950635 0.03369140625
0 0.8165268132716049 0.5694661458333333 0.029586226851851787 0.03315972222222219
0 0.7959587191358025 0.5689290364583333 0.03665123456790139 0.03144531249999982
0 0.7668065200617283 0.5728352864583333 0.04260706018518512 0.04675564236111107
0 0.7379436728395062 0.5693956163194445 0.03151523919753085 0.03273654513888902
0 0.7108531057098766 0.5754340277777777 0.03551793981481488 0.03481987847222223
0 0.6868610146604938 0.5715874565972222 0.030743634259259228 0.0302734375
0 0.6634114583333334 0.5721245659722223 0.03407118055555566 0.03184678819444464
0 0.6419150270061729 0.5725965711805556 0.028814621913580158 0.030696614583333393
0 0.61596981095679 0.5754177517361111 0.03474633487654325 0.04551866319444442
0 0.5807653356481481 0.5690104166666667 0.03279320987654325 0.03229166666666661
0 0.5520712770061729 0.5689887152777777 0.030936535493827282 0.0341796875
0 0.5312861689814815 0.5706597222222223 0.0276813271604938 0.03407118055555536
0 0.5098017939814815 0.577978515625 0.03262442129629628 0.04203559027777781
0 0.48572530864197533 0.5724229600694444 0.02941743827160496 0.02974175347222241
0 0.46260127314814814 0.57294921875 0.027874228395061706 0.03797743055555536
0 0.43983892746913583 0.5741970486111111 0.02770543981481488 0.03455946180555558
0 0.4109278549382716 0.5763834635416667 0.03235918209876543 0.03666449652777781
0 0.38486207561728397 0.5701605902777778 0.029200424382716122 0.03850911458333339
0 0.35886863425925924 0.5786078559027777 0.026596257716049305 0.03842230902777777
0 0.3318986304012346 0.5804850260416667 0.02633101851851845 0.04621310763888875
0 0.31242766203703703 0.575754123263889 0.0237750771604938 0.03394097222222214
0 0.29091917438271603 0.5759819878472222 0.0247154706790124 0.03982204861111116
0 0.26956741898148145 0.585986328125 0.029610339506172867 0.04680989583333339
0 0.2471305941358025 0.5806206597222222 0.02958622685185186 0.04632161458333339
0 0.21729118441358022 0.5838161892361111 0.0289592978395062 0.046788194444444375
0 0.1566599151234568 0.5445095486111111 0.03279320987654322 0.04545355902777781
0 0.14132426697530864 0.5773003472222222 0.04424672067901233 0.053634982638888884
0 0.12079234182098765 0.6105088975694444 0.03559027777777779 0.049446614583333215
0 0.09711371527777779 0.6460232204861112 0.04436728395061729 0.056076388888888884
0 0.20265480324074073 0.6175618489583333 0.030430169753086433 0.05024956597222219
0 0.22960069444444445 0.6151963975694444 0.031153549382716045 0.051736111111111205
0 0.2820577739197531 0.6144259982638889 0.034071180555555504 0.05817057291666661
0 0.3176239390432099 0.6149522569444444 0.03125 0.053689236111111205
0 0.34566695601851855 0.6149956597222223 0.03308256172839504 0.05131293402777781
0 0.3735773533950617 0.612353515625 0.02973090277777768 0.04925130208333339
0 0.40093315972222215 0.6116861979166667 0.03296199845679008 0.04887152777777781
0 0.43617380401234573 0.6122233072916666 0.030623070987654266 0.05415581597222219
0 0.46613377700617287 0.6114691840277777 0.033203125 0.05375434027777759
0 0.49459876543209874 0.613454861111111 0.0325279706790124 0.05324435763888902
0 0.5265721450617283 0.6138563368055556 0.03573495370370372 0.052376302083333215
0 0.5593653549382717 0.6110514322916667 0.03653067129629628 0.05532769097222223
0 0.5856602044753086 0.6087076822916667 0.0319251543209876 0.05419921875
0 0.6118706597222222 0.6046549479166666 0.036458333333333336 0.05386284722222223
0 0.6506679205246914 0.6111870659722223 0.038990162037037056 0.05248480902777786
0 0.6806037808641975 0.6099446614583334 0.03641010802469147 0.05288628472222223
0 0.7042341820987654 0.6064670138888888 0.026644483024691468 0.05256076388888875
0 0.7265504436728394 0.6093912760416667 0.03390239197530853 0.05475260416666661
0 0.75171199845679 0.6105088975694444 0.03903838734567877 0.05346137152777786
0 0.7827932098765432 0.6126519097222223 0.0338059413580248 0.05279947916666661
0 0.8115957754629629 0.6082682291666666 0.04026813271604931 0.05203993055555545
0 0.8509476273148149 0.6062228732638889 0.04617573302469147 0.05321180555555549
0 0.8970269097222223 0.6149576822916667 0.042341820987654565 0.054546440972222054
0 0.9233097029320988 0.6717936197916667 0.055652006172839386 0.06083984375000018
0 0.866307388117284 0.6663574218749999 0.04506655092592619 0.05707465277777768
0 0.8398799189814815 0.6726182725694444 0.0398099922839504 0.05592447916666665
0 0.80883487654321 0.6712076822916666 0.045548804012345734 0.053678385416666696
0 0.7842520254629631 0.6752061631944444 0.0338059413580248 0.05279947916666661
0 0.7589819637345679 0.6718912760416667 0.03194926697530853 0.04152560763888902
0 0.7250554591049383 0.6649522569444444 0.037760416666666664 0.04074435763888884
0 0.67113956404321 0.6691948784722223 0.0430410879629631 0.05554470486111107
0 0.6151620370370371 0.6713053385416666 0.04902102623456791 0.058181423611111116
0 0.5859736689814815 0.6744791666666667 0.04318576388888884 0.05847439236111107
0 0.553759162808642 0.6757975260416667 0.03783275462962976 0.055371093750000044
0 0.5255594135802469 0.6791829427083333 0.042679398148148216 0.061382378472222276
0 0.4699315200617284 0.6751681857638889 0.04330632716049395 0.06091579861111107
0 0.4363305362654321 0.6748209635416667 0.03925540123456791 0.05785590277777786
0 0.4048514660493827 0.6712239583333333 0.03800154320987659 0.05878906249999982
0 0.3465229552469136 0.6653428819444445 0.03686824845679008 0.04900173611111125
0 0.31081211419753085 0.6684895833333333 0.03375771604938279 0.05182291666666661
0 0.28335985725308643 0.6738064236111111 0.031901041666666664 0.0537109375
0 0.25713734567901236 0.6776150173611111 0.03180459104938271 0.0517578125
0 0.23262683256172836 0.6830783420138888 0.03426408179012341 0.06207682291666661
0 0.2056929976851852 0.6790852864583333 0.03216628086419752 0.05908203125
0 0.16749855324074073 0.6781575520833334 0.0392312885802469 0.05736762152777786
0 0.1441695601851852 0.720751953125 0.04415027006172837 0.06484375000000009
0 0.18314766589506173 0.7309461805555555 0.036458333333333336 0.06702473958333321
0 0.21238425925925927 0.7287489149305556 0.03698881172839504 0.06460503472222223
0 0.24774546682098766 0.7251247829861112 0.03235918209876543 0.06298828125
0 0.27772955246913583 0.7182562934027779 0.03317901234567899 0.06642795138888902
0 0.3107156635802469 0.7193576388888889 0.03358892746913581 0.06156684027777759
0 0.33936149691358025 0.7184027777777777 0.034432870370370385 0.06549479166666661
0 0.3675130208333333 0.714040798611111 0.03151523919753085 0.05906032986111098
0 0.39849778163580246 0.7208333333333333 0.040388695987654266 0.06764322916666665
0 0.4327256944444445 0.7206705729166667 0.04031635802469147 0.06617838541666665
0 0.4644820601851852 0.7166775173611111 0.03614486882716047 0.060677083333333215
0 0.5036651234567902 0.7178168402777778 0.04381269290123457 0.07116970486111107
0 0.5498046875 0.7211697048611111 0.03571084104938264 0.06504991319444442
0 0.5856602044753086 0.7209526909722223 0.037109375 0.06704644097222223
0 0.6196831597222222 0.7100368923611111 0.0387249228395062 0.06027560763888884
0 0.6577932098765432 0.7158582899305554 0.04084683641975303 0.06375868055555545
0 0.6926601080246915 0.7154296874999999 0.0363618827160496 0.06507161458333321
0 0.7232470100308642 0.7141655815972222 0.03686824845679008 0.06216362847222223
0 0.7488184799382717 0.710378689236111 0.03286554783950635 0.06008029513888902
0 0.7805386766975309 0.7254611545138889 0.037688078703703574 0.06560329861111125
0 0.8056640625 0.7192437065972223 0.04014756944444434 0.06276041666666665
0 0.8373360339506174 0.7135416666666666 0.03708526234567877 0.06655815972222223
0 0.8689115547839507 0.7124891493055556 0.04190779320987659 0.05891927083333348
0 0.8980155285493826 0.7142089843749999 0.03192515432098789 0.06736111111111098
0 0.9214168595679012 0.7126953125 0.03780864197530853 0.06804470486111125
0 0.9556809413580248 0.7198676215277777 0.050588348765431945 0.06359592013888893
0 0.9791606385030865 0.7128743489583333 0.04167872299382699 0.06690538194444451
0 0.9900716145833334 0.7812879774305556 0.019856770833333332 0.032421875000000044
0 0.9675684799382717 0.7823187934027778 0.03669945987654325 0.032421875000000044
0 0.9385850694444443 0.7830403645833334 0.03520447530864187 0.028472222222222232
0 0.9186197916666666 0.8013129340277778 0.05709876543209861 0.06381293402777777
0 0.8832344714506174 0.8044487847222221 0.06170428240740714 0.07810329861111098
0 0.8434485918209876 0.8043077256944444 0.052517361111111306 0.07633463541666652
0 0.6549479166666666 0.8101019965277778 0.05278260030864187 0.08170572916666652
0 0.6160059799382717 0.8072428385416667 0.048177083333333336 0.08057725694444451
0 0.5667438271604938 0.8132866753472223 0.04926215277777768 0.07622612847222232
0 0.5241005979938271 0.80810546875 0.04733314043209891 0.07664930555555549
0 0.4914158950617284 0.8131076388888889 0.0435715663580248 0.07944878472222205
0 0.4295789930555556 0.8154134114583333 0.04431905864197535 0.08142361111111107
0 0.39198736496913583 0.8134874131944445 0.04258294753086419 0.07259114583333348
0 0.3582537615740741 0.8170572916666666 0.04082272376543209 0.07643229166666665
0 0.28238329475308643 0.8124945746527779 0.043041087962962944 0.08186848958333348
0 0.24502073688271606 0.8152072482638888 0.03221450617283953 0.07322048611111098
0 0.2104070216049383 0.81416015625 0.036675347222222175 0.07141927083333321
0 0.17320119598765435 0.8200466579861111 0.04207658179012341 0.07549913194444446
0 0.13763503086419754 0.8195203993055555 0.04024402006172841 0.07787543402777786
0 0.10244261188271604 0.8199598524305556 0.044560185185185196 0.07314453125000009
0 0.06360918209876544 0.7004503038194444 0.04938271604938271 0.06550564236111112