0 0.1993634259259259 0.4140552662037037 0.01965181327160496 0.029213686342592582
0 0.21786988811728394 0.4146195023148148 0.01924189814814814 0.03408203124999998
0 0.23189139660493827 0.41382016782407405 0.0177469135802469 0.03014684606481488
0 0.24852912808641978 0.412718822337963 0.02437789351851845 0.0327329282407407
0 0.2687475887345679 0.4115379050925926 0.023750964506172867 0.033206741898148096
0 0.31070360725308643 0.4113371672453704 0.0237750771604938 0.033695023148148096
0 0.32723283179012347 0.41243308738425927 0.019217785493827133 0.03359374999999998
0 0.35023630401234573 0.4141167534722222 0.023726851851851787 0.032718460648148096
0 0.3799913194444444 0.417357494212963 0.01965181327160496 0.029213686342592582
0 0.3977020640432099 0.41428132233796294 0.01989293981481488 0.03409649884259258
0 0.414038387345679 0.4192834924768518 0.016396604938271626 0.029141348379629672
0 0.4280237268518518 0.41921657986111116 0.016951195987654266 0.027202690972222276
0 0.4432508680555556 0.4137568721064815 0.019724151234567906 0.030678530092592582
0 0.4573688271604938 0.4175889756944444 0.014973958333333334 0.026671006944444464
0 0.47694830246913583 0.4161783854166667 0.019796489197530853 0.03214337384259258
0 0.4972149884259259 0.4140209056712963 0.022472993827160614 0.033666087962963
0 0.5150342399691358 0.41533203124999996 0.01714409722222232 0.031108940972222276
0 0.529345100308642 0.415257884837963 0.015938464506172718 0.03303313078703707
0 0.5446084104938271 0.415650318287037 0.01909722222222232 0.031152343749999978
0 0.562475887345679 0.41598488136574074 0.0211467978395062 0.03314887152777779
0 0.5806688850308642 0.41631221064814816 0.021894290123456745 0.035116464120370394
0 0.5987895447530863 0.4181043836805556 0.023847415123456745 0.035159866898148096
0 0.6183328510802469 0.4174262152777778 0.02170138888888884 0.031210214120370394
0 0.6394796489197531 0.4172001591435185 0.020013503086419842 0.03653790509259269
0 0.6710551697530865 0.4164984809027778 0.02049575617283968 0.033134403935185186
0 0.6886453510802468 0.41586371527777777 0.02049575617283968 0.033134403935185186
0 0.7041859567901234 0.4172254774305556 0.017843364197530853 0.03209997106481488
0 0.7232831790123457 0.4387496383101852 0.01950713734567877 0.013114872685185186
0 0.7054277584876543 0.4447554976851852 0.021677276234568055 0.017552806712963
0 0.68530574845679 0.4505678530092593 0.027488425925925892 0.02987557870370372
0 0.6634717399691358 0.44495623553240743 0.02054398148148155 0.02094184027777779
0 0.6423972800925926 0.45030201099537037 0.021412037037036907 0.025350839120370394
0 0.6167052469135802 0.4438006365740741 0.023051697530864185 0.019046585648148096
0 0.5988016010802469 0.45078305844907407 0.018446180555555507 0.031137876157407374
0 0.5763286072530864 0.4449417679398148 0.026740933641975346 0.027907986111111116
0 0.5527705439814815 0.4479040075231482 0.021773726851851787 0.03267505787037028
0 0.5318528163580246 0.4434913917824074 0.021436149691358135 0.025839120370370283
0 0.5131172839506173 0.4475658275462963 0.027536651234567906 0.03085214120370372
0 0.47347608024691357 0.44698350694444444 0.021677276234567906 0.030721932870370394
0 0.4591169945987654 0.44144965277777776 0.02044753086419752 0.01898871527777779
0 0.44061053240740744 0.44088541666666664 0.019844714506172718 0.019950810185185186
0 0.4205005787037037 0.44645363136574073 0.018229166666666668 0.026743344907407374
0 0.4038749035493827 0.44072627314814816 0.01779513888888884 0.017954282407407485
0 0.39056471836419754 0.4402904369212963 0.015890239197530853 0.018887442129629672
0 0.37351707175925924 0.4431080005787037 0.017746913580246826 0.03014684606481488
0 0.35645736882716045 0.4461697048611111 0.020519868827160614 0.033622685185185186
0 0.3327305169753086 0.44596535011574073 0.020495756172839535 0.033134403935185186
0 0.3156587577160494 0.44268663194444446 0.019917052469135815 0.021415653935185186
0 0.3001060956790123 0.4415690104166667 0.01989293981481488 0.020927372685185186
0 0.2775366512345679 0.44426540798611114 0.022328317901234573 0.030736400462962887
0 0.2582344714506173 0.4466453269675926 0.021002121913580234 0.03021918402777768
0 0.23910108024691357 0.43902271412037036 0.02160493827160496 0.029257089120370394
0 0.22688802083333334 0.46246202256944446 0.023244598765432094 0.03612196180555549
0 0.2466603973765432 0.46372974537037037 0.024426118827160465 0.0337094907407407
0 0.2674093364197531 0.4649757667824074 0.019362461419753025 0.03652343750000009
0 0.2854817708333333 0.4611599392361111 0.014732831790123413 0.03495732060185186
0 0.299684124228395 0.4632830584490741 0.020616319444444493 0.035575810185185186
0 0.31691261574074076 0.46338794849537035 0.021918402777777752 0.03560474537037028
0 0.33836082175925924 0.46364293981481486 0.02517361111111101 0.035677083333333304
0 0.36248553240740744 0.4623752170138889 0.019458912037036907 0.03847656249999998
0 0.3894555362654321 0.4627513744212963 0.025197723765432094 0.036165364583333304
0 0.4074194637345679 0.46113281250000004 0.022617669753086506 0.03659577546296289
0 0.440260898919753 0.4611346209490741 0.023341049382715973 0.03807508680555549
0 0.45656105324074076 0.46028464988425927 0.021990740740740772 0.037069589120370394
0 0.4856288580246913 0.4642722800925926 0.022569444444444347 0.03561921296296289
0 0.5069082754629629 0.46136067708333334 0.02322048611111101 0.0356336805555556
0 0.5263069058641975 0.46361219618055555 0.019917052469135815 0.03458478009259258
0 0.5423177083333334 0.462037037037037 0.02191840277777783 0.035604745370370394
0 0.5723741319444445 0.4657588252314815 0.02126736111111101 0.03559027777777779
0 0.5909288194444444 0.4653464988425926 0.022593557098765427 0.03610749421296289
0 0.6142216435185185 0.46775535300925924 0.025872878086419842 0.03666811342592591
0 0.6346088927469136 0.4631564670138889 0.023365162037037052 0.03856336805555549
0 0.6570577739197531 0.46948603877314815 0.02435378086419752 0.0322446469907407
0 0.6764202353395062 0.46588541666666666 0.021195023148148213 0.03412543402777779
0 0.7124204282407408 0.4677680121527778 0.027054398148148213 0.034255642361111116
0 0.7324942129629631 0.4629322193287037 0.02010995370370357 0.03849103009259258
0 0.7668185763888888 0.5053349247685186 0.035807291666666664 0.02713396990740735
0 0.7368586033950617 0.5062445746527777 0.030068479938271626 0.029445167824074137
0 0.7113835841049383 0.5085177951388888 0.03002025462962976 0.028468605324074137
0 0.6879460841049383 0.5090386284722223 0.0267409336419752 0.027907986111111116
0 0.6645085841049383 0.5095594618055556 0.022545331790123413 0.03513093171296289
0 0.6425178433641975 0.5071216724537038 0.025776427469135815 0.03471498842592591
0 0.6191767939814815 0.5056893807870371 0.021195023148148213 0.03412543402777768
0 0.6002483603395062 0.5005009403935186 0.02611400462962976 0.028381799768518512
0 0.5797405478395062 0.5075412326388888 0.019241898148148213 0.03408203125000009
0 0.5633318865740741 0.50400390625 0.019868827160493947 0.03360821759259247
0 0.5448615933641975 0.5027072482638889 0.021677276234567906 0.030721932870370283
0 0.526343074845679 0.5089717158564815 0.021990740740740772 0.03706958912037028
0 0.5085841049382717 0.5064398871527778 0.023775077160493947 0.033695023148148096
0 0.4817708333333333 0.5028899016203704 0.02758487654320992 0.03182870370370372
0 0.4538242669753087 0.5091200086805556 0.03361304012345675 0.035376880787036935
0 0.4323398919753087 0.5095974392361111 0.02124324845679008 0.03510199652777768
0 0.41368875385802467 0.5053783275462963 0.02594521604938264 0.03813295717592591
0 0.3958695023148148 0.5040672019675926 0.020953896604938294 0.0424117476851853
0 0.37498794367283955 0.5055067274305556 0.01974826388888899 0.03116681134259247
0 0.35353973765432095 0.5052517361111111 0.023582175925925892 0.029788773148148096
0 0.3316333912037037 0.507689525462963 0.02319637345679008 0.03514539930555549
0 0.30475983796296297 0.5053602430555556 0.02563175154320992 0.03178530092592591
0 0.27316020447530864 0.5065502025462963 0.02297935956790124 0.03075086805555549
0 0.2521942515432099 0.5096987123842593 0.021291473765432094 0.03607855902777768
0 0.22886525848765435 0.5014377170138888 0.022834683641975346 0.027821180555555713
0 0.20523485725308643 0.5058648003472223 0.023027584876543255 0.03172743055555549
0 0.18461853780864199 0.43608760127314816 0.04060570987654318 0.03211805555555558
0 0.16842689043209877 0.454493995949074 0.030478395061728374 0.03774594907407414
0 0.15241608796296297 0.4758228443287037 0.028501157407407402 0.037214265046296324
0 0.14091435185185186 0.49802698206018514 0.030406057098765427 0.03628110532407414
0 0.1228539737654321 0.5213523582175925 0.03194926697530864 0.041192853009259345
0 0.18284625771604937 0.5312373408564814 0.03329957561728395 0.04219835069444455
0 0.20840567129629628 0.5338396990740741 0.028669945987654266 0.0406322337962961
0 0.2310595100308642 0.5294343171296296 0.0255594135802469 0.043489583333333304
0 0.2581741898148148 0.5334653501157407 0.02423321759259256 0.042972366898148096
0 0.2780912422839506 0.5318033854166666 0.0216531635802469 0.04340277777777768
0 0.30123939043209874 0.5305573640046297 0.035373263888888916 0.04468315972222214
0 0.3294632523148148 0.5318811487268519 0.029562114197530853 0.04552951388888893
0 0.35344328703703703 0.5269585503472223 0.026234567901234573 0.04399233217592613
0 0.3744454089506173 0.529662181712963 0.027319637345679066 0.05279586226851851
0 0.408179012345679 0.5313512731481481 0.029489776234567906 0.04406467013888893
0 0.42799961419753085 0.5316424334490741 0.025077160493827133 0.04689308449074092
0 0.44748263888888884 0.53876953125 0.024064429012345734 0.039554398148148096
0 0.4681712962962963 0.5346516927083333 0.020278742283950695 0.04190899884259247
0 0.4884138695987654 0.532982494212963 0.024884259259259228 0.0429868344907407
0 0.5052203896604938 0.5284631799768519 0.027440200617284027 0.042068142361111116
0 0.5408106674382717 0.5320619936342592 0.02813946759259256 0.04305917245370372
0 0.5610170717592592 0.5311252170138889 0.025053047839506053 0.04640480324074092
0 0.5869984567901234 0.5317672164351852 0.03149112654320992 0.04508463541666652
0 0.6087119020061729 0.5332356770833333 0.027608989197530853 0.045486111111111116
0 0.6306544174382717 0.5366500289351852 0.027512538580246826 0.043532986111111116
0 0.6542004243827161 0.5405164930555555 0.0296344521604938 0.04699435763888893
0 0.6790485146604938 0.537769458912037 0.03279320987654325 0.04511357060185173
0 0.7077787422839507 0.535423900462963 0.03214216820987659 0.045099103009259345
0 0.7335310570987654 0.5341200086805555 0.03009259259259256 0.04310257523148153
0 0.7559196566358025 0.5350857204861111 0.02917631172839504 0.03771701388888893
0 0.7802493248456791 0.5362521701388889 0.029947916666666668 0.04017288773148131
0 0.8191068672839507 0.5856264467592593 0.03272087191358016 0.04364872685185173
0 0.8004075038580248 0.5889684606481482 0.030767746913580158 0.04360532407407414
0 0.7760657793209876 0.5748770254629629 0.03091242283950635 0.03336588541666652
0 0.7576919367283951 0.5782118055555556 0.029586226851851787 0.03284866898148131
0 0.7372444058641975 0.5774468315972222 0.03665123456790139 0.031054687499999956
0 0.7078028549382717 0.5810275607638888 0.04260706018518512 0.046307146990740566
0 0.6793740354938271 0.577269603587963 0.03151523919753085 0.032403790509259345
0 0.6517771026234568 0.5830041956018519 0.03551793981481488 0.03444372106481497
0 0.6282431520061729 0.5788935908564814 0.030743634259259228 0.02994791666666652
0 0.6048177083333334 0.5791702835648148 0.034071180555555504 0.03148509837962954
0 0.5833453896604938 0.5794035734953704 0.028814621913580158 0.03039279513888893
0 0.5572072723765432 0.5819354021990741 0.03474633487654325 0.04515697337962976
0 0.5227502893518519 0.5751410590277777 0.03279320987654325 0.03194444444444455
0 0.49415268132716045 0.5748010706018518 0.030936535493827282 0.03385416666666652
0 0.4732711226851852 0.5762405960648148 0.0276813271604938 0.03378182870370372
0 0.45113570601851855 0.5833170572916666 0.03262442129629628 0.04169560185185173
0 0.427686149691358 0.5774974681712963 0.02941743827160496 0.029430700231481532
0 0.40458622685185186 0.5777669270833333 0.027874228395061706 0.03768807870370372
0 0.38177565586419754 0.5787615740740741 0.02770543981481488 0.03427010995370372
0 0.3527440200617284 0.5806260850694445 0.03235918209876543 0.03632450810185173
0 0.3273775077160494 0.5741174768518519 0.029200424382716122 0.03820529513888893
0 0.30063657407407407 0.5822717737268519 0.02659625771604938 0.03814742476851851
0 0.2735701195987654 0.5838487413194444 0.026331018518518528 0.04594545717592591
0 0.2546296296296296 0.5789044415509259 0.0237750771604938 0.033695023148148096
0 0.23316936728395063 0.5788935908564815 0.0247154706790124 0.0395688657407407
0 0.21090133101851852 0.5886555989583333 0.029610339506172867 0.04650607638888893
0 0.1890673225308642 0.5830439814814815 0.02958622685185186 0.04601779513888893
0 0.1590108989197531 0.5859067563657407 0.028959297839506164 0.046491608796296324
0 0.10245466820987653 0.545949074074074 0.03279320987654322 0.04511357060185173
0 0.08393614969135803 0.5785517939814815 0.04424672067901233 0.053172019675926
0 0.06019724151234568 0.6115143952546296 0.03559027777777779 0.04907769097222214
0 0.033094618055555546 0.6467466001157407 0.04436728395061728 0.055613425925925775
0 0.14109519675925927 0.6194715711805556 0.030430169753086433 0.04993851273148131
0 0.16818576388888887 0.6174063223379629 0.031153549382716045 0.05141782407407414
0 0.22054639274691357 0.6172182436342593 0.034071180555555504 0.05782335069444455
0 0.25594376929012347 0.6181387442129629 0.03125 0.05337094907407414
0 0.28389033564814814 0.6184932002314816 0.03308256172839504 0.05097294560185173
0 0.3119695216049383 0.616162109375 0.02973090277777783 0.04894748263888893
0 0.33930121527777785 0.6157986111111111 0.03296199845679008 0.04853153935185195
0 0.37437307098765427 0.6167263454861112 0.030623070987654266 0.05384476273148131
0 0.40430893132716045 0.6163049768518518 0.033203125 0.05341435185185173
0 0.4324845679012346 0.6186053240740741 0.0325279706790124 0.052911603009259345
0 0.4643132716049383 0.619361255787037 0.03573495370370372 0.05200737847222214
0 0.4972752700617284 0.6169216579861111 0.03653067129629628 0.05495153356481475
0 0.5237147955246914 0.6148708767361111 0.0319251543209876 0.05387369791666652
0 0.5502387152777778 0.6111111111111112 0.036458333333333336 0.05348668981481497
0 0.5882643711419754 0.6180700231481482 0.0389901620370369 0.052079716435185164
0 0.6182243441358025 0.6171603732638888 0.03641010802469132 0.05251012731481497
0 0.6421199845679012 0.6139467592592592 0.02664448302469132 0.05229311342592591
0 0.6640745563271605 0.617116970486111 0.03390239197530868 0.05440538194444455
0 0.6890432098765432 0.6185130931712963 0.03903838734567877 0.053056278935185164
0 0.7198109567901234 0.6209997106481482 0.0338059413580248 0.05245225694444455
0 0.7489510995370371 0.6169379340277777 0.04026813271604931 0.05162037037037037
0 0.7883752893518517 0.6153302228009259 0.04617573302469147 0.05272714120370381
0 0.8334418402777777 0.6245713975694445 0.042341820987654565 0.054105179398148184
0 0.8540340470679012 0.6816677517361112 0.055652006172839386 0.06025390624999982
0 0.797755111882716 0.6756022135416666 0.04506655092592619 0.0566044560185186
0 0.7707971643518517 0.6815664785879629 0.0398099922839504 0.05551215277777777
0 0.73999324845679 0.6798122829861111 0.045548804012345734 0.05320095486111098
0 0.7150969328703702 0.6835358796296296 0.0338059413580248 0.05245225694444455
0 0.6902367862654321 0.6799424913194445 0.03194926697530853 0.041192853009259345
0 0.6571059992283951 0.672630931712963 0.037760416666666664 0.04034649884259256
0 0.6029489776234568 0.6762731481481481 0.0430410879629631 0.055096209490740566
0 0.5469473379629629 0.6777615017361112 0.04902102623456791 0.057667824074074225
0 0.5175419560185185 0.6806098090277778 0.04318576388888884 0.05802589699074079
0 0.485303337191358 0.6815700954861111 0.03783275462962976 0.054980468749999956
0 0.456862461419753 0.6846408420138889 0.042679398148148216 0.060941116898148184
0 0.4018132716049383 0.6800112123842592 0.04330632716049395 0.060467303240740566
0 0.3683569637345679 0.6792914496527778 0.03925540123456791 0.057450810185185164
0 0.3373360339506173 0.6753472222222222 0.03800154320987659 0.058398437499999956
0 0.27977912808641975 0.668822337962963 0.03686824845679008 0.04861834490740735
0 0.24387538580246915 0.6715711805555555 0.03375771604938279 0.05147569444444455
0 0.2159891010802469 0.6765805844907407 0.031901041666666664 0.05338541666666652
0 0.18947723765432098 0.6800962094907408 0.03180459104938271 0.05143229166666652
0 0.16450858410493827 0.6852846498842593 0.03426408179012345 0.06172960069444455
0 0.1380570023148148 0.6809950086805556 0.03216628086419752 0.05875651041666652
0 0.10007957175925926 0.6796440972222222 0.0392312885802469 0.056962528935185164
0 0.07262731481481481 0.7219563802083333 0.04415027006172841 0.06438802083333339
0 0.11047212577160492 0.7325774016203703 0.036458333333333336 0.06665581597222214
0 0.1398292824074074 0.7307056568287037 0.03698881172839504 0.06422887731481475
0 0.17543161651234565 0.7274757667824074 0.03235918209876543 0.06266276041666652
0 0.2059944058641975 0.7209436487268519 0.03317901234567899 0.06609519675925934
0 0.23876350308641978 0.722410300925926 0.03358892746913581 0.06122685185185173
0 0.2674093364197531 0.7217737268518518 0.034432870370370385 0.06514756944444455
0 0.2958984375 0.7177264178240741 0.03151523919753085 0.05874204282407414
0 0.32611159336419754 0.7248589409722223 0.040388695987654266 0.06723090277777777
0 0.3602430555555555 0.7250759548611111 0.04031635802469147 0.06576605902777777
0 0.39228877314814814 0.721437355324074 0.03614486882716047 0.06030815972222214
0 0.43123070987654316 0.7230107060185185 0.04381269290123457 0.07072120949074057
0 0.4768880208333333 0.7268735532407407 0.03571084104938264 0.06468822337962976
0 0.512647087191358 0.7270543981481481 0.037109375 0.06667028356481497
0 0.547634548611111 0.7165219907407407 0.0387249228395062 0.05987774884259256
0 0.5850453317901234 0.7227629484953704 0.040846836419753174 0.06333912037037037
0 0.6198398919753086 0.7227213541666666 0.03636188271604931 0.06470269097222214
0 0.6504509066358025 0.7217972366898149 0.03686824845679008 0.06178747106481497
0 0.6763117283950617 0.7182960792824074 0.03286554783950635 0.059747540509259345
0 0.7064404899691358 0.7337221498842592 0.037688078703703574 0.06521990740740735
0 0.7320963541666666 0.7277868200231481 0.04014756944444434 0.06234809027777777
0 0.7642264660493826 0.7224392361111112 0.03708526234567877 0.06618200231481497
0 0.795801986882716 0.7217375578703704 0.04190779320987659 0.05848524305555536
0 0.8246407214506174 0.7237792968750001 0.03192515432098789 0.06704282407407414
0 0.8481143904320988 0.7225260416666667 0.03780864197530853 0.06766131365740735
0 0.8815586419753085 0.7300745081018518 0.050588348765431945 0.06306785300925943
0 0.9085527584876543 0.7233778211805555 0.047501929012345435 0.06641348379629619
0 0.9181737075617283 0.7919361255787036 0.03669945987654325 0.03203125000000018
0 0.8872492283950617 0.7926233362268519 0.03669945987654325 0.032031249999999956
0 0.8582899305555557 0.7930230034722222 0.03520447530864187 0.028096064814814747
0 0.8365885416666666 0.8110640914351852 0.05709876543209861 0.06321252893518503
0 0.8010103202160493 0.8138057002314816 0.06170428240740714 0.07745949074074066
0 0.7613691165123457 0.8132233796296297 0.052517361111111306 0.07579210069444442
0 0.5729166666666666 0.8169234664351852 0.052782600308642014 0.08116319444444442
0 0.5343846450617283 0.8136338975694444 0.048177083333333336 0.08008535879629619
0 0.48468846450617287 0.8191279658564814 0.04926215277777768 0.0757197627314814
0 0.44269627700617287 0.8134765625 0.04733314043209891 0.07616464120370381
0 0.4096257716049383 0.818113425925926 0.0435715663580248 0.07900752314814818
0 0.3477647569444444 0.8197319878472222 0.04431905864197535 0.08097511574074079
0 0.31048659336419754 0.8173900462962963 0.04258294753086419 0.07215711805555558
0 0.27651186342592593 0.8205837673611112 0.04082272376543209 0.07601996527777777
0 0.2013406635802469 0.8151819299768519 0.043041087962962944 0.08143446180555536
0 0.1638334297839506 0.8174786603009259 0.0322145061728395 0.07290219907407414
0 0.12943672839506173 0.8160481770833333 0.03667534722222221 0.07105034722222214
0 0.09177276234567901 0.8215187355324074 0.04207658179012345 0.07507233796296298
0 0.056375385802469126 0.8205982349537038 0.04024402006172841 0.07747034143518539
0 0.021767698688271598 0.8206470630787037 0.043535397376543196 0.07268880208333339
0 0.009512442129629628 0.7007722077546297 0.019024884259259255 0.06499204282407423