0 0.02421875 0.41875 0.0484375 0.215625
0 0.13046875 0.4296875 0.0984375 0.1859375
0 0.22109375 0.4171875 0.09375 0.2375
0 0.3 0.44453125 0.0828125 0.19375
0 0.3671875 0.43828125 0.0703125 0.16875
0 0.4328125 0.39765625 0.0875 0.196875
0 0.503125 0.4125 0.0796875 0.1875
0 0.58671875 0.39140625 0.090625 0.2
0 0.68359375 0.38125 0.1171875 0.209375
0 0.76953125 0.3734375 0.08125 0.2109375
0 0.83984375 0.3671875 0.084375 0.2125
0 0.91171875 0.36171875 0.084375 0.20625
0 0.9671875 0.36171875 0.0640625 0.2140625
0 0.96015625 0.5640625 0.0796875 0.2
0 0.875 0.525 0.096875 0.1328125
0 0.80546875 0.5359375 0.0984375 0.109375
0 0.70078125 0.58046875 0.096875 0.19375
0 0.60859375 0.5359375 0.0875 0.1
0 0.52890625 0.53515625 0.0875 0.0984375
0 0.44140625 0.59375 0.096875 0.1890625
0 0.35703125 0.5640625 0.10625 0.1171875
0 0.215625 0.55859375 0.1015625 0.075
0 0.13046875 0.5890625 0.0953125 0.1671875
0 0.0484375 0.609375 0.0953125 0.1796875
0 0.02578125 0.74375 0.0375 0.2234375
0 0.10546875 0.74765625 0.103125 0.2171875
0 0.2265625 0.7234375 0.103125 0.2234375
0 0.3109375 0.703125 0.121875 0.2484375
0 0.4078125 0.72265625 0.0859375 0.2125
0 0.54140625 0.70078125 0.1078125 0.2140625
0 0.64375 0.69296875 0.0953125 0.2171875
0 0.77734375 0.6734375 0.1171875 0.2140625
0 0.884375 0.6703125 0.0890625 0.2140625
0 0.95390625 0.659375 0.0921875 0.240625
0 0.93671875 0.9 0.109375 0.159375
0 0.82890625 0.90390625 0.146875 0.1671875
0 0.70390625 0.91796875 0.115625 0.1484375
0 0.5734375 0.934375 0.1234375 0.13125
0 0.37421875 0.92578125 0.1265625 0.1484375
0 0.27734375 0.91796875 0.1296875 0.1640625
0 0.19453125 0.94453125 0.1015625 0.1109375
0 0.10859375 0.94921875 0.1140625 0.1015625