0 0.03515625 0.353125 0.0671875 0.2171875
0 0.14453125 0.37890625 0.103125 0.1890625
0 0.23515625 0.3796875 0.1015625 0.240625
0 0.31015625 0.4171875 0.0890625 0.1953125
0 0.37734375 0.4203125 0.0765625 0.171875
0 0.44765625 0.3890625 0.09375 0.2
0 0.51484375 0.4140625 0.0859375 0.1890625
0 0.6015625 0.4046875 0.096875 0.2015625
0 0.6984375 0.4078125 0.125 0.2125
0 0.784375 0.4125 0.0890625 0.2125
0 0.8546875 0.415625 0.0921875 0.215625
0 0.92734375 0.4203125 0.090625 0.2078125
0 0.97265625 0.42734375 0.0546875 0.2140625
0 0.9515625 0.62890625 0.0953125 0.203125
0 0.86796875 0.5765625 0.1015625 0.134375
0 0.796875 0.578125 0.1015625 0.1125
0 0.6875 0.6078125 0.103125 0.1953125
0 0.603125 0.55 0.090625 0.103125
0 0.5234375 0.5390625 0.090625 0.1
0 0.42890625 0.584375 0.103125 0.1921875
0 0.35 0.54375 0.1109375 0.1203125
0 0.21015625 0.51796875 0.103125 0.078125
0 0.121875 0.53671875 0.1 0.1703125
0 0.04375 0.5453125 0.0875 0.18125
0 0.009375 0.67578125 0.01875 0.2234375
0 0.075 0.68984375 0.1109375 0.2203125
0 0.1984375 0.68359375 0.1109375 0.2265625
0 0.28515625 0.675 0.1296875 0.2515625
0 0.37734375 0.70703125 0.09375 0.2140625
0 0.51328125 0.70390625 0.1140625 0.2171875
0 0.615625 0.7109375 0.103125 0.2203125
0 0.75078125 0.71015625 0.125 0.2171875
0 0.85703125 0.721875 0.096875 0.215625
0 0.9296875 0.72265625 0.1046875 0.24375
0 0.87578125 0.9375 0.1140625 0.125
0 0.76875 0.9296875 0.153125 0.140625
0 0.64296875 0.9328125 0.1203125 0.134375
0 0.5125 0.93671875 0.128125 0.1265625
0 0.31484375 0.909375 0.13125 0.1609375
0 0.2203125 0.890625 0.134375 0.1828125
0 0.134375 0.90703125 0.10625 0.1328125
0 0.053125 0.903125 0.10625 0.128125