0 0.02421875 0.39453125 0.0484375 0.2140625
0 0.13498437500000016 0.4104375000000001 0.08829687500000034 0.1816875000000003
0 0.22562500000000013 0.4030468750000001 0.0810312500000002 0.23389062500000007
0 0.3034062500000001 0.43432812500000006 0.07284374999999983 0.1896250000000002
0 0.3708906249999998 0.43121875000000004 0.062109375 0.16646874999999994
0 0.438296875 0.39409375 0.07696875000000034 0.19387499999999988
0 0.507453125 0.41279687500000006 0.07032812500000034 0.18382812500000015
0 0.5926406249999999 0.39623437499999986 0.08037500000000009 0.1955781250000001
0 0.6899218749999999 0.39078124999999986 0.10689062499999977 0.20390625
0 0.7756406250000001 0.387890625 0.07054687500000015 0.20712499999999992
0 0.8459843750000001 0.38510937500000003 0.07396875000000022 0.2092500000000001
0 0.9184531249999999 0.3837187499999999 0.07396875000000022 0.20262499999999975
0 0.9734375 0.38671875 0.053125 0.2109375
0 0.9609375 0.5890625 0.078125 0.196875
0 0.8729062500000001 0.5444531249999998 0.09064062500000034 0.12773437499999965
0 0.8029062499999998 0.5518281250000001 0.09299999999999997 0.10528125000000017
0 0.6963281250000002 0.5911875000000002 0.08765624999999985 0.1891250000000003
0 0.6067499999999999 0.5412343750000002 0.08295312500000022 0.09565624999999969
0 0.5267968750000002 0.5365312500000001 0.08209374999999994 0.09393749999999983
0 0.4365937500000001 0.5903281249999999 0.08765624999999985 0.18485937500000027
0 0.35406249999999984 0.5568437500000002 0.10090624999999989 0.11148437500000022
0 0.21276562500000012 0.5434843749999999 0.09790624999999978 0.07064062500000005
0 0.12639062500000015 0.5693593750000001 0.08679687500000029 0.1634531250000002
0 0.04296875 0.5859375 0.0859375 0.175
0 0.01328125 0.71875 0.0265625 0.221875
0 0.09282812500000012 0.7262968749999998 0.09278125000000018 0.21309375000000016
0 0.21532812499999993 0.7089687499999997 0.09149999999999991 0.21949999999999967
0 0.30082812499999995 0.6928281249999998 0.10859375 0.24235937499999985
0 0.3959687500000001 0.7172031250000004 0.07567187499999975 0.20901562500000068
0 0.530859375 0.70234375 0.09662500000000022 0.20879687500000016
0 0.6332656249999999 0.7003124999999997 0.08465624999999974 0.21371874999999996
0 0.767953125 0.6877031250000002 0.1064687499999998 0.20900000000000035
0 0.875046875 0.6899374999999999 0.07824999999999989 0.2096406250000001
0 0.947203125 0.6841718749999999 0.08401562499999997 0.2365937500000001
0 0.91484375 0.92265625 0.1015625 0.1546875
0 0.80703125 0.9203125 0.1390625 0.159375
0 0.68203125 0.928125 0.1078125 0.14375
0 0.55078125 0.9375 0.1171875 0.125
0 0.3515625 0.92421875 0.11875 0.1515625
0 0.25546875 0.91328125 0.1203125 0.1734375
0 0.17109375 0.9375 0.0953125 0.125
0 0.08515625 0.940625 0.1078125 0.11875