0 0.02890625 0.38046875 0.0578125 0.1609375
0 0.9609375 0.4890625 0.078125 0.203125
0 0.4390625 0.56328125 0.090625 0.209375
0 0.36640625 0.56953125 0.096875 0.1921875
0 0.2953125 0.584375 0.0984375 0.2015625
0 0.2015625 0.60703125 0.103125 0.196875
0 0.121875 0.6015625 0.1171875 0.2078125
0 0.0140625 0.5765625 0.028125 0.11875
0 0.1328125 0.85703125 0.103125 0.2
0 0.27578125 0.82890625 0.109375 0.190625
0 0.39140625 0.80625 0.1140625 0.18125
0 0.51875 0.784375 0.1328125 0.1875
0 0.959375 0.85078125 0.08125 0.2234375
0 0.8796875 0.8484375 0.140625 0.2484375
0 0.7703125 0.871875 0.1203125 0.2203125
0 0.6859375 0.89296875 0.1359375 0.19375
0 0.540625 0.90078125 0.134375 0.1984375
0 0.41796875 0.9015625 0.1328125 0.196875
0 0.28984375 0.92890625 0.1390625 0.1421875
0 0.13046875 0.92734375 0.1203125 0.1453125