0 0.03203125 0.3390625 0.0640625 0.15625
0 0.96484375 0.53046875 0.0703125 0.1984375
0 0.43392187500000007 0.5581249999999998 0.07260937499999968 0.20429687499999966
0 0.36057812499999997 0.5578749999999999 0.08046875 0.18614062500000017
0 0.2885781250000001 0.56646875 0.08218749999999986 0.19448437500000004
0 0.19301562499999997 0.5802187499999996 0.08684374999999989 0.18959374999999987
0 0.11426562500000018 0.5679375 0.10009374999999991 0.20037499999999966
0 0.009375 0.53359375 0.01875 0.1171875
0 0.1032343749999999 0.8235624999999999 0.08684374999999989 0.19348437499999988
0 0.24796875000000007 0.80784375 0.09371875000000003 0.1826875000000001
0 0.365234375 0.7955781250000001 0.10009374999999991 0.17285937500000018
0 0.4939062499999999 0.7847812500000003 0.11751562500000005 0.17776562500000068
0 0.94765625 0.8921875 0.1046875 0.215625
0 0.84765625 0.88046875 0.1203125 0.2390625
0 0.73671875 0.89375 0.1015625 0.2125
0 0.65078125 0.9078125 0.1203125 0.184375
0 0.50625 0.9046875 0.11875 0.190625
0 0.3828125 0.9 0.115625 0.2
0 0.25234375 0.921875 0.1265625 0.15625
0 0.09296875 0.9125 0.1046875 0.175