0 0.04140625 0.31484375 0.071875 0.159375
0 0.9609375 0.55390625 0.078125 0.2015625
0 0.43125 0.5546875 0.0828125 0.2078125
0 0.3578125 0.55078125 0.090625 0.190625
0 0.28515625 0.55546875 0.0921875 0.1984375
0 0.1890625 0.5640625 0.096875 0.19375
0 0.1109375 0.54765625 0.1109375 0.2046875
0 0.01015625 0.5078125 0.0203125 0.11875
0 0.08671875 0.80234375 0.096875 0.1984375
0 0.23203125 0.79453125 0.103125 0.1875
0 0.35 0.78828125 0.109375 0.178125
0 0.47890625 0.784375 0.1265625 0.184375
0 0.9265625 0.90234375 0.115625 0.1953125
0 0.82734375 0.8875 0.1328125 0.225
0 0.715625 0.8984375 0.1125 0.203125
0 0.62890625 0.909375 0.1296875 0.18125
0 0.484375 0.903125 0.128125 0.19375
0 0.36171875 0.89296875 0.1265625 0.20625
0 0.23046875 0.90859375 0.134375 0.1625
0 0.071875 0.890625 0.1140625 0.1796875