0 0.24729687499999997 0.2451875000000001 0.20201562499999995 0.3983437499999994
0 0.5038906249999997 0.24789062500000014 0.22303124999999965 0.3875
0 0.7049062499999998 0.25467187499999966 0.19389062500000023 0.40106250000000043
0 0.9125 0.26875 0.175 0.36875
0 0.89921875 0.4875 0.2015625 0.421875
0 0.5259218750000002 0.4899687499999999 0.19795312499999937 0.4527031249999993
0 0.3486562499999998 0.4635312499999998 0.2013437499999995 0.44048437499999976
0 0.0265625 0.43828125 0.053125 0.4609375
0 0.14609375 0.88125 0.2796875 0.2375
0 0.43203125 0.89296875 0.2109375 0.2140625
0 0.6625 0.89140625 0.209375 0.2171875