0 0.44765625 0.06640625 0.1984375 0.1328125
0 0.878125 0.07109375 0.24375 0.1421875
0 0.91015625 0.26875 0.1796875 0.25625
0 0.7086874999999999 0.29507812499999986 0.19421875000000027 0.3416406249999994
0 0.46812499999999985 0.28587500000000005 0.19862499999999983 0.3453125
0 0.23345312499999976 0.28809375000000015 0.21481249999999932 0.38504687500000045
0 0.34085937500000013 0.530921875 0.18685937500000022 0.43817187500000043
0 0.515953125 0.5386562499999996 0.1883281249999996 0.44037500000000024
0 0.90703125 0.5265625 0.1859375 0.4125
0 0.6421875 0.9171875 0.190625 0.165625
0 0.3921875 0.92109375 0.234375 0.1578125
0 0.1265625 0.91015625 0.2375 0.1796875