0 0.0484375 0.159375 0.096875 0.31875
0 0.36953125 0.21328125 0.3203125 0.4265625
0 0.64296875 0.1921875 0.2265625 0.384375
0 0.8921875 0.2109375 0.215625 0.421875
0 0.8920625000000001 0.4691875000000003 0.2038593750000004 0.43806249999999947
0 0.7212031250000003 0.5221406250000001 0.20189062500000005 0.4996562500000003
0 0.5360468750000003 0.5492343750000004 0.1772656249999997 0.48882812500000056
0 0.34303124999999995 0.6019374999999997 0.19598437500000046 0.5056093750000002
0 0.16599999999999965 0.5078593750000003 0.1669218749999999 0.5124531250000004
0 0.0359375 0.48046875 0.071875 0.5171875
0 0.828125 0.9390625 0.253125 0.121875