0 0.81328125 0.04453125 0.2046875 0.0890625
0 0.92578125 0.1515625 0.1328125 0.303125
0 0.75390625 0.1390625 0.1828125 0.278125
0 0.43046875 0.0484375 0.1546875 0.096875
0 0.54296875 0.17265625 0.2203125 0.3453125
0 0.2671875 0.17109375 0.23125 0.334375
0 0.1015625 0.16171875 0.203125 0.3046875
0 0.0875 0.6421875 0.175 0.3875
0 0.29609375 0.65859375 0.2546875 0.4828125
0 0.55703125 0.62109375 0.2515625 0.425
0 0.80546875 0.64140625 0.2546875 0.5015625
0 0.9640625 0.65859375 0.071875 0.5046875
0 0.09609375 0.83359375 0.1828125 0.3328125
0 0.26328125 0.8875 0.1953125 0.225
0 0.43671875 0.8546875 0.2109375 0.290625
0 0.6390625 0.84765625 0.2171875 0.3015625
0 0.79921875 0.82890625 0.2390625 0.3296875