0 0.79609375 0.040625 0.2078125 0.08125
0 0.9140625 0.14453125 0.14375 0.2890625
0 0.73984375 0.1359375 0.1921875 0.271875
0 0.41484375 0.05078125 0.1578125 0.1015625
0 0.5328125 0.1734375 0.23125 0.346875
0 0.25625 0.1796875 0.2421875 0.340625
0 0.09765625 0.17578125 0.1953125 0.3109375
0 0.09375 0.65625 0.1875 0.39375
0 0.30234375 0.665625 0.2703125 0.490625
0 0.56171875 0.61875 0.265625 0.4328125
0 0.81015625 0.63046875 0.2703125 0.509375
0 0.9625 0.6421875 0.075 0.50625
0 0.109375 0.8390625 0.19375 0.321875
0 0.2765625 0.88984375 0.203125 0.2203125
0 0.4484375 0.85390625 0.221875 0.2921875
0 0.65078125 0.84296875 0.2265625 0.309375
0 0.81015625 0.81796875 0.25 0.3375