0 0.82890625 0.0484375 0.2015625 0.096875
0 0.9390625 0.1578125 0.121875 0.315625
0 0.76640625 0.1421875 0.1734375 0.284375
0 0.44609375 0.04609375 0.1515625 0.0921875
0 0.55546875 0.171875 0.2078125 0.34375
0 0.27890625 0.16328125 0.2203125 0.3265625
0 0.10546875 0.1484375 0.2078125 0.296875
0 0.08246875000000031 0.6279218749999999 0.16382812500000057 0.3825937500000002
0 0.29096874999999967 0.6515156250000004 0.23829687500000035 0.4744687499999998
0 0.55315625 0.6229531249999993 0.23767187499999948 0.4173593750000002
0 0.8004375000000004 0.6518281250000001 0.23704687500000005 0.4937187499999993
0 0.965625 0.675 0.06875 0.503125
0 0.08515625 0.828125 0.1703125 0.34375
0 0.25 0.88515625 0.1875 0.2296875
0 0.42421875 0.85546875 0.2015625 0.2890625
0 0.6265625 0.85234375 0.20625 0.2953125
0 0.7875 0.8390625 0.228125 0.321875