0 0.80859375 0.078125 0.2484375 0.15625
0 0.428125 0.0828125 0.196875 0.165625
0 0.12734375 0.209375 0.215625 0.390625
0 0.284375 0.19296875 0.2015625 0.3734375
0 0.565625 0.20390625 0.209375 0.4078125
0 0.765625 0.1828125 0.21875 0.365625
0 0.928125 0.1890625 0.13125 0.378125
0 0.95546875 0.73671875 0.0890625 0.4703125
0 0.84140625 0.7109375 0.228125 0.43125
0 0.5796875 0.67421875 0.265625 0.4046875
0 0.321875 0.76328125 0.3234375 0.45
0 0.115625 0.778125 0.2 0.44375
0 0.11015625 0.8796875 0.1921875 0.240625
0 0.290625 0.9453125 0.209375 0.109375
0 0.4828125 0.9078125 0.171875 0.184375
0 0.6765625 0.88828125 0.2171875 0.2171875
0 0.83203125 0.8546875 0.2453125 0.26875