0 0.83125 0.08359375 0.240625 0.1671875
0 0.45078125 0.07890625 0.1890625 0.1578125
0 0.14296875 0.190625 0.1953125 0.38125
0 0.30078125 0.18203125 0.1828125 0.3640625
0 0.58203125 0.20390625 0.1890625 0.4078125
0 0.7828125 0.1875 0.2 0.375
0 0.94453125 0.19921875 0.1109375 0.3984375
0 0.95546875 0.7609375 0.0890625 0.465625
0 0.8297968750000002 0.7287343750000005 0.20645312500000018 0.4215000000000003
0 0.5706249999999997 0.6785312500000004 0.2449687499999996 0.3930468749999996
0 0.308625 0.7540000000000007 0.3005156249999999 0.43414062500000056
0 0.10154687499999966 0.7593593749999996 0.17803124999999936 0.43726562500000055
0 0.08984375 0.871875 0.1796875 0.25625
0 0.2671875 0.9421875 0.203125 0.115625
0 0.4625 0.909375 0.1625 0.18125
0 0.65625 0.896875 0.20625 0.20625
0 0.81328125 0.871875 0.2328125 0.25625