0 0.79296875 0.075 0.2546875 0.15
0 0.41328125 0.0859375 0.2015625 0.171875
0 0.1171875 0.22265625 0.228125 0.396875
0 0.2734375 0.20078125 0.2140625 0.378125
0 0.55546875 0.2046875 0.2234375 0.409375
0 0.7546875 0.1796875 0.23125 0.359375
0 0.91640625 0.18203125 0.1453125 0.3640625
0 0.95546875 0.7203125 0.0890625 0.471875
0 0.8484375 0.69921875 0.2421875 0.4375
0 0.5859375 0.671875 0.278125 0.4125
0 0.33125 0.76953125 0.3375 0.459375
0 0.125 0.78359375 0.215625 0.4328125
0 0.12265625 0.88515625 0.2015625 0.2296875
0 0.30625 0.946875 0.2125 0.10625
0 0.4984375 0.90625 0.178125 0.1875
0 0.690625 0.88203125 0.2234375 0.2234375
0 0.84453125 0.84296875 0.2546875 0.275